         0          1   0.295659   0.456384
      0.01          1   0.368765   0.538829
      0.02   0.999726   0.486856   0.654822
      0.03   0.997458   0.457753   0.627523
      0.04    0.99476    0.35924   0.527854
      0.05   0.992101   0.338521   0.504797
      0.06   0.988268   0.348791   0.515608
      0.07    0.98428   0.369632   0.537437
      0.08    0.96809   0.410086   0.576124
      0.09   0.949515   0.445631   0.606579
       0.1   0.923706   0.493274   0.643114
      0.11   0.878656   0.559767   0.683864
      0.12   0.839356   0.603116   0.701891
      0.13   0.789027   0.647269   0.711152
      0.14   0.755866   0.665467   0.707792
      0.15    0.69842   0.680604   0.689397
      0.16   0.653332   0.682536   0.667615
      0.17   0.581143   0.667521   0.621345
      0.18   0.537033    0.65143   0.588726
      0.19   0.466917   0.619215   0.532388
       0.2   0.402863   0.585684   0.477368
      0.21   0.331339   0.534191   0.408994
      0.22   0.261067   0.489612   0.340549
      0.23   0.234944   0.461167   0.311297
      0.24   0.179219   0.415114   0.250353
      0.25   0.156343   0.393701   0.223809
      0.26   0.128187   0.366967   0.190003
      0.27   0.103629   0.341603   0.159018
      0.28  0.0893555   0.321046   0.139801
      0.29  0.0696856   0.294286   0.112687
       0.3  0.0514625   0.271896  0.0865446
      0.31  0.0357422   0.246006   0.062416
      0.32  0.0290943   0.241687  0.0519365
      0.33  0.0243626   0.236908  0.0441817
      0.34  0.0243626   0.238055  0.0442016
      0.35  0.0242062   0.238946  0.0439591
      0.36  0.0240888   0.239037  0.0437671
      0.37  0.0238933    0.23822  0.0434306
      0.38  0.0235414   0.236283  0.0428168
      0.39  0.0231503   0.234275  0.0421368
       0.4  0.0231503   0.239849  0.0422251
      0.41  0.0227202   0.239216  0.0414989
      0.42    0.02229   0.240246  0.0407951
      0.43  0.0219772   0.237288  0.0402284
      0.44   0.021547   0.236486  0.0394955
      0.45  0.0209604   0.241255  0.0385699
      0.46  0.0199828   0.245111   0.036953
      0.47  0.0191616   0.257022  0.0356643
      0.48   0.017832   0.278956  0.0335212
      0.49  0.0172845   0.285458  0.0325954
       0.5  0.0165024   0.307368  0.0313231
      0.51  0.0161114   0.336609  0.0307509
      0.52   0.015212    0.35989  0.0291901
      0.53  0.0141561   0.397351  0.0273383
      0.54  0.0136086   0.428571  0.0263796
      0.55  0.0134522   0.484581  0.0261777
      0.56  0.0132176        0.5  0.0257543
      0.57  0.0129438   0.509901  0.0252468
      0.58  0.0128265   0.510309  0.0250241
      0.59   0.012631    0.50838  0.0246496
       0.6  0.0113014   0.494186  0.0220975
      0.61   0.011145   0.479042  0.0217832
      0.62  0.0110277   0.465839  0.0215453
      0.63  0.0109104   0.455696  0.0213105
      0.64  0.0102847   0.448718  0.0201085
      0.65 0.00997184   0.418919    0.01948
      0.66 0.00911153   0.376812  0.0177928
      0.67 0.00821211   0.348485  0.0160461
      0.68 0.00696074      0.312  0.0136177
      0.69 0.00567026   0.264957  0.0111029
       0.7  0.0036759   0.198113 0.00721787
      0.71 0.00066479  0.0769231 0.00131819
      0.72          0          0          0
      0.73          0          0          0
      0.74          0          0          0
      0.75          0          0          0
      0.76          0          0          0
      0.77          0          0          0
      0.78          0          0          0
      0.79          0          0          0
       0.8          0          0          0
      0.81          0          0          0
      0.82          0          0          0
      0.83          0          0          0
      0.84          0          0          0
      0.85          0          0          0
      0.86          0          0          0
      0.87          0          0          0
      0.88          0          0          0
      0.89          0          0          0
       0.9          0          0          0
      0.91          0          0          0
      0.92          0          0          0
      0.93          0          0          0
      0.94          0          0          0
      0.95          0          0          0
      0.96          0          0          0
      0.97          0          0          0
      0.98          0          0          0
      0.99          0          0          0
