         0          1   0.168956   0.289072
      0.01   0.999672   0.258057    0.41022
      0.02    0.99598   0.312978   0.476286
      0.03   0.984001   0.304845   0.465483
      0.04   0.960617    0.26984   0.421328
      0.05   0.942238   0.258796   0.406063
      0.06   0.907696   0.271492   0.417969
      0.07   0.886035   0.280074   0.425613
      0.08   0.853544   0.296443   0.440052
      0.09   0.838202   0.305733   0.448043
       0.1   0.805957   0.312043   0.449898
      0.11   0.748441   0.319227    0.44756
      0.12   0.691254   0.315833   0.433569
      0.13    0.62939    0.31546   0.420273
      0.14   0.583935   0.311997   0.406696
      0.15   0.543239   0.310998   0.395549
      0.16   0.505169   0.307846   0.382562
      0.17   0.461437   0.302955   0.365767
      0.18   0.434198   0.295338   0.351553
      0.19   0.388743    0.28328   0.327736
       0.2   0.341237   0.273781    0.30381
      0.21   0.286511     0.2611   0.273216
      0.22   0.210125   0.240361   0.224228
      0.23   0.175747   0.235376   0.201237
      0.24   0.131195   0.214482   0.162805
      0.25  0.0820479    0.19084   0.114758
      0.26  0.0552182   0.158568  0.0819121
      0.27   0.039301   0.138167  0.0611952
      0.28   0.022317  0.0965825  0.0362564
      0.29  0.0141122  0.0816641  0.0240657
       0.3   0.010256  0.0629032  0.0176365
      0.31 0.00738431  0.0601626  0.0131541
      0.32 0.00738431  0.0604575  0.0131611
      0.33 0.00738431  0.0577558  0.0130944
      0.34 0.00738431  0.0561983  0.0130534
      0.35 0.00672793  0.0491525  0.0118358
      0.36 0.00672793  0.0477816   0.011795
      0.37 0.00672793  0.0467938  0.0117644
      0.38 0.00607155  0.0437828  0.0106642
      0.39 0.00574335   0.042328  0.0101143
       0.4 0.00541516  0.0322004 0.00927118
      0.41 0.00475878  0.0300188 0.00821522
      0.42 0.00459468  0.0277228 0.00788288
      0.43 0.00434854  0.0268595 0.00748523
      0.44 0.00385625  0.0262582 0.00672489
      0.45 0.00254349  0.0201794 0.00451756
      0.46 0.00254349   0.018648 0.00447641
      0.47 0.00254349  0.0189573  0.0044852
      0.48 0.00254349   0.019802 0.00450794
      0.49 0.00254349  0.0177665 0.00444991
       0.5 0.00254349  0.0185676 0.00447409
      0.51 0.00254349  0.0168067 0.00441831
      0.52 0.00254349  0.0172414   0.004433
      0.53 0.00254349  0.0182371 0.00446434
      0.54 0.00254349  0.0190476 0.00448771
      0.55 0.00254349  0.0169492  0.0044232
      0.56 0.00254349   0.018797 0.00448068
      0.57 0.00254349  0.0243902 0.00460658
      0.58 0.00254349  0.0248447 0.00461455
      0.59 0.00254349  0.0465116 0.00482321
       0.6 0.00254349  0.0588235 0.00487613
      0.61 0.00229734  0.0638298 0.00443506
      0.62 0.00229734   0.136364 0.00451856
      0.63 0.00123072      0.125 0.00243744
      0.64          0          0          0
      0.65          0          0          0
      0.66          0          0          0
      0.67          0          0          0
      0.68          0          0          0
      0.69          0          0          0
       0.7          0          0          0
      0.71          0          0          0
      0.72          0          0          0
      0.73          0          0          0
      0.74          0          0          0
      0.75          0          0          0
      0.76          0          0          0
      0.77          0          0          0
      0.78          0          0          0
      0.79          0          0          0
       0.8          0          0          0
      0.81          0          0          0
      0.82          0          0          0
      0.83          0          0          0
      0.84          0          0          0
      0.85          0          0          0
      0.86          0          0          0
      0.87          0          0          0
      0.88          0          0          0
      0.89          0          0          0
       0.9          0          0          0
      0.91          0          0          0
      0.92          0          0          0
      0.93          0          0          0
      0.94          0          0          0
      0.95          0          0          0
      0.96          0          0          0
      0.97          0          0          0
      0.98          0          0          0
      0.99          0          0          0
