         0          1   0.337394   0.504555
      0.01   0.999487   0.393122   0.564294
      0.02    0.98511   0.432838   0.601423
      0.03   0.970262   0.399355   0.565821
      0.04   0.950237    0.35873   0.520836
      0.05   0.935476   0.366394   0.526555
      0.06    0.89457   0.385137   0.538454
      0.07   0.841513   0.399756   0.542026
      0.08   0.748706   0.423762   0.541206
      0.09   0.683497   0.442911   0.537511
       0.1   0.583458   0.467583   0.519133
      0.11   0.507509    0.48302   0.494962
      0.12    0.46455   0.486839   0.475434
      0.13   0.410937   0.490011   0.447004
      0.14   0.373882   0.483353   0.421628
      0.15   0.323948   0.462558   0.381039
      0.16   0.292243    0.44885   0.353999
      0.17   0.254375   0.414375   0.315235
      0.18   0.220316   0.381826    0.27941
      0.19   0.174233   0.340162   0.230436
       0.2   0.136323   0.297938   0.187057
      0.21  0.0898549   0.258101   0.133302
      0.22  0.0739378   0.235398    0.11253
      0.23  0.0621283   0.223853  0.0972623
      0.24  0.0545548   0.216164   0.087122
      0.25  0.0507467   0.211126  0.0818256
      0.26  0.0379102   0.201881  0.0638335
      0.27   0.032305   0.196772  0.0554985
      0.28  0.0307218   0.194352  0.0530568
      0.29  0.0288392   0.192007  0.0501464
       0.3  0.0257156   0.187323   0.045223
      0.31   0.017158   0.171674  0.0311979
      0.32  0.0114244   0.159674  0.0213232
      0.33  0.0110821   0.162602    0.02075
      0.34 0.00971289   0.158055  0.0183011
      0.35  0.0086004   0.172348  0.0163833
      0.36  0.0082581   0.193925  0.0158416
      0.37 0.00727397    0.20339  0.0140456
      0.38 0.00654657   0.207358  0.0126924
      0.39 0.00586197   0.216867  0.0114154
       0.4  0.0053913   0.217391  0.0105217
      0.41 0.00530572   0.213636  0.0103543
      0.42 0.00397929   0.194175 0.00779876
      0.43  0.0035942   0.187817 0.00705342
      0.44 0.00299516   0.164835 0.00588342
      0.45 0.00256728   0.151515 0.00504902
      0.46 0.00154037   0.138614 0.00304688
      0.47 0.00145479   0.114286 0.00287302
      0.48  0.0010697      0.125 0.00212125
      0.49 0.000385093   0.105263 0.000767378
       0.5          0          0          0
      0.51          0          0          0
      0.52          0          0          0
      0.53          0          0          0
      0.54          0          0          0
      0.55          0          0          0
      0.56          0          0          0
      0.57          0          0          0
      0.58          0          0          0
      0.59          0          0          0
       0.6          0          0          0
      0.61          0          0          0
      0.62          0          0          0
      0.63          0          0          0
      0.64          0          0          0
      0.65          0          0          0
      0.66          0          0          0
      0.67          0          0          0
      0.68          0          0          0
      0.69          0          0          0
       0.7          0          0          0
      0.71          0          0          0
      0.72          0          0          0
      0.73          0          0          0
      0.74          0          0          0
      0.75          0          0          0
      0.76          0          0          0
      0.77          0          0          0
      0.78          0          0          0
      0.79          0          0          0
       0.8          0          0          0
      0.81          0          0          0
      0.82          0          0          0
      0.83          0          0          0
      0.84          0          0          0
      0.85          0          0          0
      0.86          0          0          0
      0.87          0          0          0
      0.88          0          0          0
      0.89          0          0          0
       0.9          0          0          0
      0.91          0          0          0
      0.92          0          0          0
      0.93          0          0          0
      0.94          0          0          0
      0.95          0          0          0
      0.96          0          0          0
      0.97          0          0          0
      0.98          0          0          0
      0.99          0          0          0
