         0          1   0.282356    0.44037
      0.01          1   0.332688   0.499273
      0.02    0.99527   0.362943   0.531915
      0.03   0.988457   0.342295     0.5085
      0.04   0.977872   0.317578   0.479448
      0.05    0.96402   0.319592   0.480041
      0.06   0.912331   0.335167   0.490235
      0.07   0.871622   0.348546   0.497965
      0.08   0.806363   0.361927   0.499609
      0.09   0.765709   0.373545    0.50213
       0.1   0.705011   0.384325   0.497465
      0.11   0.623649     0.3916   0.481105
      0.12   0.574775   0.393641   0.467268
      0.13   0.505631   0.398678    0.44583
      0.14   0.440315   0.394769     0.4163
      0.15   0.371734   0.389574   0.380445
      0.16   0.325169   0.384858   0.352505
      0.17   0.277083     0.3799   0.320446
      0.18   0.250507   0.368317   0.298198
      0.19   0.220045   0.365092   0.274591
       0.2   0.198029   0.357432   0.254858
      0.21   0.166441   0.345133   0.224579
      0.22   0.139865   0.327404      0.196
      0.23   0.114752    0.32003   0.168931
      0.24  0.0911036   0.305037   0.140304
      0.25  0.0783221   0.304204   0.124571
      0.26  0.0655405   0.301501   0.107675
      0.27  0.0572635   0.312925  0.0968111
      0.28  0.0527027   0.346067  0.0914747
      0.29  0.0480293   0.364384  0.0848717
       0.3  0.0353604   0.337979  0.0640225
      0.31  0.0213964    0.32381  0.0401404
      0.32  0.0146959   0.268293  0.0278655
      0.33 0.00917793   0.204918   0.017569
      0.34 0.00298423   0.159091 0.00585857
      0.35 0.00298423    0.15873 0.00585833
      0.36 0.00298423   0.160714 0.00585966
      0.37 0.00202703   0.105263 0.00397746
      0.38 0.00163288  0.0416667 0.00314261
      0.39          0          0          0
       0.4          0          0          0
      0.41          0          0          0
      0.42          0          0          0
      0.43          0          0          0
      0.44          0          0          0
      0.45          0          0          0
      0.46          0          0          0
      0.47          0          0          0
      0.48          0          0          0
      0.49          0          0          0
       0.5          0          0          0
      0.51          0          0          0
      0.52          0          0          0
      0.53          0          0          0
      0.54          0          0          0
      0.55          0          0          0
      0.56          0          0          0
      0.57          0          0          0
      0.58          0          0          0
      0.59          0          0          0
       0.6          0          0          0
      0.61          0          0          0
      0.62          0          0          0
      0.63          0          0          0
      0.64          0          0          0
      0.65          0          0          0
      0.66          0          0          0
      0.67          0          0          0
      0.68          0          0          0
      0.69          0          0          0
       0.7          0          0          0
      0.71          0          0          0
      0.72          0          0          0
      0.73          0          0          0
      0.74          0          0          0
      0.75          0          0          0
      0.76          0          0          0
      0.77          0          0          0
      0.78          0          0          0
      0.79          0          0          0
       0.8          0          0          0
      0.81          0          0          0
      0.82          0          0          0
      0.83          0          0          0
      0.84          0          0          0
      0.85          0          0          0
      0.86          0          0          0
      0.87          0          0          0
      0.88          0          0          0
      0.89          0          0          0
       0.9          0          0          0
      0.91          0          0          0
      0.92          0          0          0
      0.93          0          0          0
      0.94          0          0          0
      0.95          0          0          0
      0.96          0          0          0
      0.97          0          0          0
      0.98          0          0          0
      0.99          0          0          0
