         0          1   0.253826   0.404882
      0.01   0.999617   0.321265   0.486253
      0.02   0.986868   0.330496   0.495165
      0.03   0.970781   0.318625   0.479779
      0.04   0.954093   0.304798   0.462003
      0.05   0.932917    0.30965    0.46497
      0.06   0.874535   0.324764   0.473639
      0.07   0.834045   0.331692   0.474628
      0.08   0.736594   0.334903   0.460454
      0.09   0.666393   0.339948   0.450223
       0.1   0.562267   0.346811   0.429007
      0.11    0.47204   0.352514   0.403614
      0.12   0.426844   0.352681   0.386234
      0.13   0.361458   0.354486   0.357938
      0.14   0.317575   0.344504   0.330492
      0.15   0.264609    0.32092   0.290057
      0.16   0.236813   0.302481   0.265649
      0.17   0.196268   0.276916    0.22972
      0.18   0.175421    0.25215   0.206901
      0.19   0.143686   0.225312    0.17547
       0.2   0.123058   0.198585   0.151954
      0.21  0.0849201   0.162856   0.111631
      0.22  0.0628146   0.139549  0.0866333
      0.23   0.055209   0.128173  0.0771756
      0.24   0.035128   0.108622  0.0530877
      0.25   0.027796  0.0962224  0.0431323
      0.26  0.0192055  0.0795981  0.0309447
      0.27  0.0111075  0.0745291  0.0193335
      0.28  0.0102867  0.0720641  0.0180035
      0.29  0.0066207  0.0661479  0.0120367
       0.3 0.00590939  0.0658482  0.0108455
      0.31 0.00525279  0.0697674    0.00977
      0.32 0.00476034  0.0729814  0.0089377
      0.33 0.00300941  0.0685484  0.0057657
      0.34 0.00180565   0.069378 0.00351969
      0.35 0.00136791  0.0680473 0.00268192
      0.36 0.00136791  0.0517241 0.00266534
      0.37 0.000875465  0.0349345 0.00170812
      0.38 0.000601882   0.032967 0.00118218
      0.39 0.000328299  0.0258621 0.000648368
       0.4 0.000218866  0.0210526 0.000433229
      0.41 0.00016415  0.0136986 0.000324412
      0.42          0          0          0
      0.43          0          0          0
      0.44          0          0          0
      0.45          0          0          0
      0.46          0          0          0
      0.47          0          0          0
      0.48          0          0          0
      0.49          0          0          0
       0.5          0          0          0
      0.51          0          0          0
      0.52          0          0          0
      0.53          0          0          0
      0.54          0          0          0
      0.55          0          0          0
      0.56          0          0          0
      0.57          0          0          0
      0.58          0          0          0
      0.59          0          0          0
       0.6          0          0          0
      0.61          0          0          0
      0.62          0          0          0
      0.63          0          0          0
      0.64          0          0          0
      0.65          0          0          0
      0.66          0          0          0
      0.67          0          0          0
      0.68          0          0          0
      0.69          0          0          0
       0.7          0          0          0
      0.71          0          0          0
      0.72          0          0          0
      0.73          0          0          0
      0.74          0          0          0
      0.75          0          0          0
      0.76          0          0          0
      0.77          0          0          0
      0.78          0          0          0
      0.79          0          0          0
       0.8          0          0          0
      0.81          0          0          0
      0.82          0          0          0
      0.83          0          0          0
      0.84          0          0          0
      0.85          0          0          0
      0.86          0          0          0
      0.87          0          0          0
      0.88          0          0          0
      0.89          0          0          0
       0.9          0          0          0
      0.91          0          0          0
      0.92          0          0          0
      0.93          0          0          0
      0.94          0          0          0
      0.95          0          0          0
      0.96          0          0          0
      0.97          0          0          0
      0.98          0          0          0
      0.99          0          0          0
