         0          1   0.223412   0.365227
      0.01          1   0.253859   0.404924
      0.02   0.996904   0.253968   0.404808
      0.03   0.994301   0.234504   0.379502
      0.04   0.992331   0.256932   0.408179
      0.05   0.989165    0.26687   0.420336
      0.06   0.975304   0.278393   0.433147
      0.07   0.957785    0.28474   0.438976
      0.08   0.930627   0.293585   0.446357
      0.09   0.887849   0.295495   0.443412
       0.1   0.802927   0.300572   0.437404
      0.11    0.69936    0.29224   0.412225
      0.12   0.604798   0.283538   0.386077
      0.13   0.456835   0.252087   0.324894
      0.14   0.360304   0.228097   0.279348
      0.15   0.251038   0.192437   0.217866
      0.16   0.192078   0.166853   0.178579
      0.17   0.124182    0.13331   0.128584
      0.18  0.0973756   0.115614   0.105714
      0.19  0.0643073  0.0836058  0.0726976
       0.2  0.0414409  0.0653805  0.0507282
      0.21  0.0276507  0.0527704  0.0362875
      0.22  0.0183635  0.0466516  0.0263534
      0.23  0.0135791  0.0288231  0.0184609
      0.24 0.00569901  0.0201511 0.00888517
      0.25 0.00161824  0.0181347 0.00297133
      0.26  0.0013368   0.017179 0.00248058
      0.27  0.0013368   0.015814 0.00246522
      0.28  0.0013368   0.015748 0.00246441
      0.29  0.0013368  0.0134576 0.00243202
       0.3 0.00126645  0.0121279 0.00229341
      0.31 0.000633223 0.00590319 0.00114376
      0.32 0.000633223 0.00618812 0.00114888
      0.33 0.000633223 0.00675676 0.00115793
      0.34 0.000422149 0.00577201 0.000786756
      0.35 0.000351791 0.00484653 0.000655967
      0.36 0.000351791 0.00531915 0.000659935
      0.37 0.000351791 0.00635593 0.000666681
      0.38 0.000351791 0.00737101 0.000671532
      0.39 0.000211074 0.00630915 0.000408483
       0.4 0.000211074 0.00760456 0.000410748
      0.41 0.000211074  0.0103627 0.000413722
      0.42 0.000211074  0.0147059 0.000416175
      0.43 0.000140716       0.01 0.000277527
      0.44 0.000140716  0.0138889 0.00027861
      0.45 0.000140716  0.0166667 0.000279076
      0.46          0          0          0
      0.47          0          0          0
      0.48          0          0          0
      0.49          0          0          0
       0.5          0          0          0
      0.51          0          0          0
      0.52          0          0          0
      0.53          0          0          0
      0.54          0          0          0
      0.55          0          0          0
      0.56          0          0          0
      0.57          0          0          0
      0.58          0          0          0
      0.59          0          0          0
       0.6          0          0          0
      0.61          0          0          0
      0.62          0          0          0
      0.63          0          0          0
      0.64          0          0          0
      0.65          0          0          0
      0.66          0          0          0
      0.67          0          0          0
      0.68          0          0          0
      0.69          0          0          0
       0.7          0          0          0
      0.71          0          0          0
      0.72          0          0          0
      0.73          0          0          0
      0.74          0          0          0
      0.75          0          0          0
      0.76          0          0          0
      0.77          0          0          0
      0.78          0          0          0
      0.79          0          0          0
       0.8          0          0          0
      0.81          0          0          0
      0.82          0          0          0
      0.83          0          0          0
      0.84          0          0          0
      0.85          0          0          0
      0.86          0          0          0
      0.87          0          0          0
      0.88          0          0          0
      0.89          0          0          0
       0.9          0          0          0
      0.91          0          0          0
      0.92          0          0          0
      0.93          0          0          0
      0.94          0          0          0
      0.95          0          0          0
      0.96          0          0          0
      0.97          0          0          0
      0.98          0          0          0
      0.99          0          0          0
