         0          1   0.263807   0.417479
      0.01   0.999736   0.449251   0.619926
      0.02   0.992975   0.507911    0.67206
      0.03   0.984476   0.512322    0.67393
      0.04   0.973258   0.519148   0.677115
      0.05   0.967894   0.512118   0.669827
      0.06   0.951161   0.495872   0.651891
      0.07   0.932049   0.510732   0.659874
      0.08   0.857488   0.526699   0.652568
      0.09   0.810614   0.537942   0.646712
       0.1   0.738281   0.546804   0.628278
      0.11    0.63577   0.540912   0.584517
      0.12   0.580548   0.539734   0.559398
      0.13   0.487139   0.544046   0.514022
      0.14   0.417186   0.535609   0.469038
      0.15   0.324381   0.503242   0.394485
      0.16    0.25152   0.506676   0.336164
      0.17   0.203475   0.487872   0.287178
      0.18   0.191388   0.473945   0.272668
      0.19   0.171747   0.459531   0.250042
       0.2   0.165703   0.449428   0.242133
      0.21   0.149386    0.42257   0.220738
      0.22   0.142625   0.406504   0.211162
      0.23   0.136695   0.398301   0.203537
      0.24   0.118263   0.382878   0.180708
      0.25   0.109915   0.390635   0.171558
      0.26   0.102247   0.389522   0.161977
      0.27  0.0928801   0.362393   0.147863
      0.28  0.0716903   0.308021    0.11631
      0.29  0.0416997    0.20026  0.0690262
       0.3  0.0189613   0.129771   0.033088
      0.31 0.00864967   0.114833  0.0160876
      0.32 0.00846081   0.110749  0.0157206
      0.33 0.00800755   0.108878  0.0149179
      0.34 0.00619452   0.105802  0.0117038
      0.35 0.00577904   0.103509  0.0109469
      0.36 0.00547686   0.100719  0.0103888
      0.37 0.00475921  0.0996169 0.00908441
      0.38 0.00415486  0.0993072 0.00797602
      0.39 0.00373938   0.107256  0.0072268
       0.4 0.00355052   0.148515 0.00693524
      0.41 0.00302172   0.216495 0.00596025
      0.42 0.00279509   0.216216 0.00551884
      0.43 0.00271955       0.25 0.00538056
      0.44 0.00192635   0.454545 0.00383643
      0.45 0.000793201      0.625 0.00158439
      0.46 0.000491029        0.5 0.000981095
      0.47 0.000491029        0.6 0.000981256
      0.48 0.000415486        0.5 0.000830283
      0.49 0.000188857        0.5 0.000377572
       0.5          0          0          0
      0.51          0          0          0
      0.52          0          0          0
      0.53          0          0          0
      0.54          0          0          0
      0.55          0          0          0
      0.56          0          0          0
      0.57          0          0          0
      0.58          0          0          0
      0.59          0          0          0
       0.6          0          0          0
      0.61          0          0          0
      0.62          0          0          0
      0.63          0          0          0
      0.64          0          0          0
      0.65          0          0          0
      0.66          0          0          0
      0.67          0          0          0
      0.68          0          0          0
      0.69          0          0          0
       0.7          0          0          0
      0.71          0          0          0
      0.72          0          0          0
      0.73          0          0          0
      0.74          0          0          0
      0.75          0          0          0
      0.76          0          0          0
      0.77          0          0          0
      0.78          0          0          0
      0.79          0          0          0
       0.8          0          0          0
      0.81          0          0          0
      0.82          0          0          0
      0.83          0          0          0
      0.84          0          0          0
      0.85          0          0          0
      0.86          0          0          0
      0.87          0          0          0
      0.88          0          0          0
      0.89          0          0          0
       0.9          0          0          0
      0.91          0          0          0
      0.92          0          0          0
      0.93          0          0          0
      0.94          0          0          0
      0.95          0          0          0
      0.96          0          0          0
      0.97          0          0          0
      0.98          0          0          0
      0.99          0          0          0
