         0          1   0.235879   0.381719
      0.01   0.997103   0.406502   0.577548
      0.02   0.973716   0.475226   0.638721
      0.03   0.954639   0.441269   0.603554
      0.04   0.932099   0.432234   0.590596
      0.05   0.896559   0.432348   0.583375
      0.06   0.816717   0.450416   0.580622
      0.07   0.763866   0.471093   0.582776
      0.08   0.669328   0.519452   0.584942
      0.09   0.633011    0.55723   0.592708
       0.1   0.578747   0.603906   0.591058
      0.11   0.527097   0.621511   0.570424
      0.12   0.491415      0.625   0.550216
      0.13   0.425352   0.603507   0.499005
      0.14   0.384795   0.593968    0.46703
      0.15   0.314421   0.571878   0.405756
      0.16   0.266799   0.561899   0.361806
      0.17   0.222002   0.543163   0.315183
      0.18   0.195294    0.52691   0.284968
      0.19   0.165831   0.506781   0.249891
       0.2   0.147531   0.484363   0.226172
      0.21   0.107327    0.45264   0.173512
      0.22   0.096658     0.4287   0.157749
      0.23  0.0932664   0.413408   0.152197
      0.24  0.0774394    0.36714   0.127901
      0.25  0.0667703   0.348788   0.112084
      0.26  0.0556066   0.323693  0.0949089
      0.27  0.0431711   0.296209  0.0753589
      0.28  0.0248004   0.216917  0.0445117
      0.29  0.0196425   0.199134  0.0357578
       0.3 0.00925599   0.186306  0.0176358
      0.31 0.00925599    0.19661  0.0176797
      0.32 0.00869074   0.194872  0.0166394
      0.33 0.00869074   0.194828  0.0166392
      0.34 0.00869074   0.193437  0.0166341
      0.35 0.00862008   0.189236  0.0164891
      0.36 0.00847877   0.187826  0.0162251
      0.37 0.00819614   0.235426  0.0158408
      0.38 0.00819614   0.346801  0.0160138
      0.39 0.00819614   0.507538  0.0161318
       0.4 0.00819614   0.541176  0.0161477
      0.41 0.00692433   0.489051  0.0136553
      0.42 0.00508726    0.40625  0.0100487
      0.43 0.00452201   0.381579  0.0089381
      0.44 0.00317954   0.488889 0.00631799
      0.45 0.00317954   0.512195 0.00631984
      0.46 0.00261429   0.513514 0.00520209
      0.47 0.00247297     0.5625  0.0049243
      0.48 0.00240232        0.6 0.00478547
      0.49 0.00240232   0.565217  0.0047843
       0.5 0.00240232   0.545455 0.00478357
      0.51 0.00240232    0.52381  0.0047827
      0.52 0.00240232        0.5 0.00478166
      0.53 0.00240232   0.473684 0.00478039
      0.54 0.00233166   0.444444 0.00463899
      0.55 0.00211969   0.411765 0.00421767
      0.56 0.00190772      0.375 0.00379613
      0.57 0.00148378   0.285714 0.00295224
      0.58 0.00120116   0.285714 0.00239226
      0.59 0.000847877   0.333333 0.00169145
       0.6 0.000847877        0.5 0.00169288
      0.61          0          0          0
      0.62          0          0          0
      0.63          0          0          0
      0.64          0          0          0
      0.65          0          0          0
      0.66          0          0          0
      0.67          0          0          0
      0.68          0          0          0
      0.69          0          0          0
       0.7          0          0          0
      0.71          0          0          0
      0.72          0          0          0
      0.73          0          0          0
      0.74          0          0          0
      0.75          0          0          0
      0.76          0          0          0
      0.77          0          0          0
      0.78          0          0          0
      0.79          0          0          0
       0.8          0          0          0
      0.81          0          0          0
      0.82          0          0          0
      0.83          0          0          0
      0.84          0          0          0
      0.85          0          0          0
      0.86          0          0          0
      0.87          0          0          0
      0.88          0          0          0
      0.89          0          0          0
       0.9          0          0          0
      0.91          0          0          0
      0.92          0          0          0
      0.93          0          0          0
      0.94          0          0          0
      0.95          0          0          0
      0.96          0          0          0
      0.97          0          0          0
      0.98          0          0          0
      0.99          0          0          0
