         0          1   0.265439    0.41952
      0.01   0.999321   0.329017   0.495045
      0.02   0.991334   0.368667   0.537458
      0.03   0.970366   0.347133   0.511342
      0.04   0.946164   0.302942   0.458941
      0.05   0.926834   0.310589   0.465264
      0.06   0.902512   0.333546    0.48708
      0.07   0.870202   0.348637   0.497826
      0.08   0.828747   0.377117   0.518358
      0.09   0.808698   0.393964   0.529822
       0.1   0.753265   0.413844   0.534199
      0.11   0.719637   0.432757   0.540489
      0.12   0.675706   0.441349   0.533944
      0.13    0.62818   0.454973   0.527728
      0.14    0.59635   0.459254   0.518899
      0.15   0.523384   0.446968   0.482167
      0.16   0.475698   0.436736   0.455385
      0.17   0.406765   0.427627   0.416935
      0.18   0.364591   0.412698   0.387156
      0.19   0.291905   0.372859   0.327453
       0.2   0.249371   0.352212   0.292001
      0.21   0.176165   0.313098   0.225469
      0.22   0.127361   0.285917   0.176224
      0.23   0.104717    0.27907   0.152289
      0.24  0.0881026   0.275387   0.133497
      0.25  0.0812732    0.27127   0.125074
      0.26  0.0657774   0.248447   0.104016
      0.27  0.0437318   0.233901  0.0736866
      0.28  0.0322697   0.214869  0.0561122
      0.29  0.0276768   0.214158  0.0490187
       0.3  0.0253205   0.218901  0.0453906
      0.31  0.0249211   0.222108   0.044814
      0.32  0.0248013   0.224839  0.0446747
      0.33  0.0242022   0.228833  0.0437747
      0.34  0.0238029   0.230585  0.0431513
      0.35  0.0227645   0.235677  0.0415186
      0.36  0.0221654    0.23842  0.0405601
      0.37  0.0205679   0.240059  0.0378895
      0.38  0.0196094    0.23676   0.036219
      0.39  0.0183713   0.218121  0.0338884
       0.4   0.016694   0.207972   0.030907
      0.41  0.0159751    0.20339  0.0296234
      0.42  0.0158553   0.201232  0.0293945
      0.43  0.0141779   0.199571  0.0264749
      0.44  0.0128599   0.187067  0.0240655
      0.45  0.0107432    0.17402  0.0202371
      0.46 0.00918567   0.175342  0.0174568
      0.47 0.00838692   0.180124  0.0160276
      0.48 0.00682935   0.166667   0.013121
      0.49 0.00579097   0.155303  0.0111656
       0.5 0.00523184    0.16087  0.0101341
      0.51 0.00467271   0.168367 0.00909306
      0.52 0.00407365   0.170455 0.00795713
      0.53 0.00343464   0.183824 0.00674329
      0.54 0.00343464   0.198413  0.0067524
      0.55 0.00311514        0.2 0.00613473
      0.56 0.00311514   0.205128 0.00613708
      0.57 0.00311514   0.218182 0.00614258
      0.58 0.00283558   0.214953 0.00559732
      0.59 0.00283558    0.22549 0.00560072
       0.6 0.00283558   0.227723  0.0056014
      0.61 0.00263589   0.226804 0.00521121
      0.62 0.00263589   0.235294 0.00521337
      0.63 0.00235632   0.257576 0.00466993
      0.64 0.00235632       0.25 0.00466864
      0.65  0.0017972   0.214286  0.0035645
      0.66 0.000559128       0.16 0.00111436
      0.67 0.000319502   0.135135 0.000637496
      0.68 0.000199688   0.285714 0.000399098
      0.69 3.99377e-05        0.2 7.98594e-05
       0.7          0          0          0
      0.71          0          0          0
      0.72          0          0          0
      0.73          0          0          0
      0.74          0          0          0
      0.75          0          0          0
      0.76          0          0          0
      0.77          0          0          0
      0.78          0          0          0
      0.79          0          0          0
       0.8          0          0          0
      0.81          0          0          0
      0.82          0          0          0
      0.83          0          0          0
      0.84          0          0          0
      0.85          0          0          0
      0.86          0          0          0
      0.87          0          0          0
      0.88          0          0          0
      0.89          0          0          0
       0.9          0          0          0
      0.91          0          0          0
      0.92          0          0          0
      0.93          0          0          0
      0.94          0          0          0
      0.95          0          0          0
      0.96          0          0          0
      0.97          0          0          0
      0.98          0          0          0
      0.99          0          0          0
