         0          1   0.173626   0.295879
      0.01   0.983605   0.354477   0.521142
      0.02   0.963135   0.422652   0.587495
      0.03   0.922099   0.436992    0.59297
      0.04   0.822177   0.461296   0.591001
      0.05   0.773865   0.471913   0.586296
      0.06    0.73506   0.447228   0.556107
      0.07   0.717792    0.44058   0.546016
      0.08   0.711292   0.432885   0.538217
      0.09   0.701785   0.430908   0.533957
       0.1   0.690629   0.428912   0.529179
      0.11   0.674525   0.423604   0.520397
      0.12   0.668704   0.420826   0.516568
      0.13   0.642608    0.40494   0.496813
      0.14   0.626407   0.395189   0.484632
      0.15   0.594878   0.380221   0.463922
      0.16    0.56655   0.369714   0.447441
      0.17   0.528522   0.352819   0.423157
      0.18   0.508828   0.343434   0.410083
      0.19   0.483217   0.331617   0.393315
       0.2   0.465658   0.324219   0.382275
      0.21   0.409294   0.292916   0.341461
      0.22   0.301416   0.225373   0.257906
      0.23   0.201494   0.172689   0.185983
      0.24  0.0953628  0.0906433  0.0929432
      0.25  0.0635429  0.0598911   0.061663
      0.26  0.0102833  0.0293567  0.0152312
      0.27 0.00271634  0.0269592  0.0049354
      0.28 0.00271634  0.0269592  0.0049354
      0.29 0.00271634  0.0269931 0.00493596
       0.3 0.00271634  0.0269931 0.00493596
      0.31 0.00271634  0.0273189 0.00494135
      0.32 0.00271634   0.027476 0.00494391
      0.33 0.00271634  0.0281598 0.00495473
      0.34 0.00271634  0.0282895 0.00495673
      0.35 0.00271634  0.0289562 0.00496675
      0.36 0.00213426  0.0180556  0.0038173
      0.37 0.00097012  0.0117216 0.00179193
      0.38 0.00097012  0.0118606 0.00179354
      0.39 0.00097012   0.012549 0.00180101
       0.4 0.00097012  0.0129976 0.00180548
      0.41 0.00097012  0.0137575 0.00181244
      0.42 0.00097012  0.0149813 0.00182224
      0.43 0.00048506 0.00901917 0.000920609
      0.44 0.00048506  0.0108108 0.000928462
      0.45 0.00048506  0.0124031 0.000933609
      0.46 0.00048506  0.0107296 0.00092816
      0.47          0          0          0
      0.48          0          0          0
      0.49          0          0          0
       0.5          0          0          0
      0.51          0          0          0
      0.52          0          0          0
      0.53          0          0          0
      0.54          0          0          0
      0.55          0          0          0
      0.56          0          0          0
      0.57          0          0          0
      0.58          0          0          0
      0.59          0          0          0
       0.6          0          0          0
      0.61          0          0          0
      0.62          0          0          0
      0.63          0          0          0
      0.64          0          0          0
      0.65          0          0          0
      0.66          0          0          0
      0.67          0          0          0
      0.68          0          0          0
      0.69          0          0          0
       0.7          0          0          0
      0.71          0          0          0
      0.72          0          0          0
      0.73          0          0          0
      0.74          0          0          0
      0.75          0          0          0
      0.76          0          0          0
      0.77          0          0          0
      0.78          0          0          0
      0.79          0          0          0
       0.8          0          0          0
      0.81          0          0          0
      0.82          0          0          0
      0.83          0          0          0
      0.84          0          0          0
      0.85          0          0          0
      0.86          0          0          0
      0.87          0          0          0
      0.88          0          0          0
      0.89          0          0          0
       0.9          0          0          0
      0.91          0          0          0
      0.92          0          0          0
      0.93          0          0          0
      0.94          0          0          0
      0.95          0          0          0
      0.96          0          0          0
      0.97          0          0          0
      0.98          0          0          0
      0.99          0          0          0
