         0          1   0.393948   0.565226
      0.01          1   0.429028   0.600447
      0.02   0.992395   0.438115   0.607871
      0.03   0.985781   0.398826   0.567894
      0.04   0.978035   0.396391    0.56414
      0.05   0.971102   0.409504   0.576081
      0.06   0.927207   0.430354   0.587859
      0.07   0.871604   0.442464   0.586961
      0.08    0.78102   0.471106   0.587709
      0.09   0.716964   0.481343   0.575989
       0.1    0.59207   0.497277   0.540549
      0.11    0.47807   0.503971   0.490679
      0.12   0.386637   0.497438   0.435094
      0.13   0.285441   0.461992   0.352865
      0.14   0.233906   0.438288   0.305026
      0.15   0.169673   0.398106   0.237937
      0.16   0.142898   0.369673   0.206119
      0.17   0.092459   0.327684   0.144224
      0.18  0.0721562   0.311436   0.117166
      0.19  0.0467954   0.284254  0.0803613
       0.2  0.0347694   0.272662  0.0616742
      0.21  0.0260328   0.260263  0.0473313
      0.22  0.0158107     0.2525   0.029758
      0.23  0.0152094   0.254134  0.0287011
      0.24  0.0142544   0.249524  0.0269682
      0.25  0.0129457   0.249741  0.0246154
      0.26  0.0112125   0.240936  0.0214278
      0.27  0.0108942    0.24349  0.0208552
      0.28 0.00824137   0.246933  0.0159504
      0.29 0.00771081   0.249141  0.0149587
       0.3 0.00679117   0.261702  0.0132388
      0.31 0.00594228   0.286908  0.0116434
      0.32 0.00498727    0.27551 0.00979719
      0.33 0.00399689   0.257009 0.00787136
      0.34 0.00304188   0.215569  0.0059991
      0.35 0.00127334   0.166667 0.00252738
      0.36 0.00109649   0.136842 0.00217555
      0.37 0.000318336   0.105263 0.000634753
      0.38 0.000176853  0.0638298 0.00035273
      0.39          0          0          0
       0.4          0          0          0
      0.41          0          0          0
      0.42          0          0          0
      0.43          0          0          0
      0.44          0          0          0
      0.45          0          0          0
      0.46          0          0          0
      0.47          0          0          0
      0.48          0          0          0
      0.49          0          0          0
       0.5          0          0          0
      0.51          0          0          0
      0.52          0          0          0
      0.53          0          0          0
      0.54          0          0          0
      0.55          0          0          0
      0.56          0          0          0
      0.57          0          0          0
      0.58          0          0          0
      0.59          0          0          0
       0.6          0          0          0
      0.61          0          0          0
      0.62          0          0          0
      0.63          0          0          0
      0.64          0          0          0
      0.65          0          0          0
      0.66          0          0          0
      0.67          0          0          0
      0.68          0          0          0
      0.69          0          0          0
       0.7          0          0          0
      0.71          0          0          0
      0.72          0          0          0
      0.73          0          0          0
      0.74          0          0          0
      0.75          0          0          0
      0.76          0          0          0
      0.77          0          0          0
      0.78          0          0          0
      0.79          0          0          0
       0.8          0          0          0
      0.81          0          0          0
      0.82          0          0          0
      0.83          0          0          0
      0.84          0          0          0
      0.85          0          0          0
      0.86          0          0          0
      0.87          0          0          0
      0.88          0          0          0
      0.89          0          0          0
       0.9          0          0          0
      0.91          0          0          0
      0.92          0          0          0
      0.93          0          0          0
      0.94          0          0          0
      0.95          0          0          0
      0.96          0          0          0
      0.97          0          0          0
      0.98          0          0          0
      0.99          0          0          0
