         0          1   0.172013   0.293534
      0.01   0.999283   0.286934   0.445847
      0.02   0.987235     0.3316   0.496449
      0.03   0.980637   0.286281   0.443182
      0.04   0.962636   0.230055   0.371361
      0.05   0.945209    0.23112   0.371421
      0.06   0.914228   0.312279    0.46554
      0.07   0.879805   0.364255   0.515205
      0.08   0.814759   0.423035   0.556912
      0.09   0.781268   0.451497   0.572275
       0.1    0.71988   0.484043   0.578862
      0.11   0.682085   0.515368   0.587121
      0.12   0.650172   0.524568   0.580655
      0.13   0.607717   0.537688   0.570562
      0.14    0.57817   0.533842   0.555122
      0.15    0.50961   0.515217   0.512398
      0.16   0.466652   0.499617   0.482572
      0.17   0.404188    0.47234   0.435615
      0.18   0.368546   0.456403   0.407796
      0.19   0.310528   0.412871    0.35446
       0.2   0.279905   0.390601   0.326115
      0.21   0.228557   0.350759   0.276769
      0.22   0.201305   0.321873   0.247697
      0.23   0.175057   0.292759   0.219101
      0.24   0.132028   0.244322   0.171422
      0.25   0.100473   0.218591   0.137669
      0.26  0.0466867     0.1668  0.0729539
      0.27  0.0433161   0.154225  0.0676358
      0.28  0.0389415   0.149541  0.0617919
      0.29  0.0380092   0.147679  0.0604579
       0.3  0.0379375   0.145548   0.060187
      0.31  0.0378657   0.144239  0.0599844
      0.32  0.0376506   0.140695  0.0594043
      0.33  0.0375789   0.141274  0.0593664
      0.34  0.0370769   0.141643    0.05877
      0.35  0.0364314   0.137198  0.0575746
      0.36  0.0360011   0.134372  0.0567877
      0.37  0.0352123   0.125494  0.0549939
      0.38  0.0343517   0.119641  0.0533775
      0.39  0.0312679    0.10041  0.0476862
       0.4  0.0250287     0.0875  0.0389236
      0.41  0.0223035  0.0703625  0.0338707
      0.42  0.0139845  0.0462555  0.0214761
      0.43  0.0129805  0.0411568  0.0197363
      0.44 0.00631096   0.030543  0.0104605
      0.45 0.00631096  0.0295119  0.0103983
      0.46 0.00552209  0.0232558 0.00892495
      0.47 0.00552209  0.0224586 0.00886457
      0.48 0.00523523  0.0195838 0.00826186
      0.49 0.00523523  0.0190114 0.00820972
       0.5 0.00487665  0.0174672  0.0076246
      0.51 0.00308376  0.0132827 0.00500545
      0.52 0.00215146  0.0156658 0.00378334
      0.53 0.00200803  0.0185185 0.00362319
      0.54 0.00179289  0.0169492 0.00324275
      0.55 0.00179289  0.0229885 0.00332635
      0.56 0.00078887  0.0136986 0.00149183
      0.57 0.000573723 0.00833333 0.00107354
      0.58          0          0          0
      0.59          0          0          0
       0.6          0          0          0
      0.61          0          0          0
      0.62          0          0          0
      0.63          0          0          0
      0.64          0          0          0
      0.65          0          0          0
      0.66          0          0          0
      0.67          0          0          0
      0.68          0          0          0
      0.69          0          0          0
       0.7          0          0          0
      0.71          0          0          0
      0.72          0          0          0
      0.73          0          0          0
      0.74          0          0          0
      0.75          0          0          0
      0.76          0          0          0
      0.77          0          0          0
      0.78          0          0          0
      0.79          0          0          0
       0.8          0          0          0
      0.81          0          0          0
      0.82          0          0          0
      0.83          0          0          0
      0.84          0          0          0
      0.85          0          0          0
      0.86          0          0          0
      0.87          0          0          0
      0.88          0          0          0
      0.89          0          0          0
       0.9          0          0          0
      0.91          0          0          0
      0.92          0          0          0
      0.93          0          0          0
      0.94          0          0          0
      0.95          0          0          0
      0.96          0          0          0
      0.97          0          0          0
      0.98          0          0          0
      0.99          0          0          0
