         0          1   0.391539   0.562742
      0.01   0.999509   0.441629   0.612589
      0.02   0.989978   0.530462   0.690781
      0.03   0.977011   0.517643   0.676736
      0.04   0.948626    0.46039   0.619919
      0.05   0.912216   0.431633   0.585992
      0.06     0.8265   0.432181   0.567574
      0.07   0.783712   0.441907   0.565147
      0.08   0.707002   0.459064   0.556674
      0.09   0.671292   0.470285   0.553092
       0.1   0.598787   0.491623   0.539939
      0.11   0.541842   0.525377   0.533482
      0.12   0.508375   0.544437   0.525788
      0.13   0.446489   0.558584   0.496285
      0.14   0.408256   0.568575    0.47526
      0.15   0.348752   0.572719   0.433518
      0.16    0.31441    0.56509   0.404025
      0.17   0.276248   0.552222   0.368269
      0.18   0.250946   0.545146   0.343685
      0.19   0.211032   0.521414   0.300459
       0.2   0.186712   0.500553   0.271974
      0.21   0.156539   0.469231    0.23476
      0.22   0.135688   0.442909   0.207735
      0.23   0.122407   0.418641   0.189427
      0.24  0.0976311    0.38078   0.155414
      0.25  0.0836838   0.365559   0.136191
      0.26  0.0690356   0.301865   0.112372
      0.27  0.0484651   0.227092   0.079882
      0.28  0.0173816   0.133122  0.0307483
      0.29  0.0113891   0.110922  0.0206572
       0.3 0.00290861  0.0679245 0.00557834
      0.31 0.00276843  0.0670732 0.00531739
      0.32 0.00276843    0.06639 0.00531522
      0.33 0.00276843  0.0635593 0.00530576
      0.34 0.00255817  0.0623656 0.00491475
      0.35 0.00255817  0.0586957 0.00490267
      0.36 0.00255817  0.0570175 0.00489665
      0.37 0.00224278  0.0533333 0.00430455
      0.38 0.00213765  0.0518018 0.00410587
      0.39 0.00154191  0.0434783  0.0029782
       0.4 0.00119148   0.039261 0.00231277
      0.41 0.00091113  0.0331754 0.00177355
      0.42 0.000770956   0.031477 0.00150505
      0.43 0.000665826  0.0247525 0.00129677
      0.44 0.000665826  0.0227273 0.00129375
      0.45 0.000525652  0.0181818 0.00102176
      0.46 0.000525652  0.0182768 0.00102191
      0.47 0.000420521  0.0131579 0.000814996
      0.48 0.000420521   0.010582 0.000808898
      0.49 0.000420521  0.0106383 0.000809061
       0.5 0.000350435 0.00808625 0.000671757
      0.51 0.000350435 0.00813008 0.000671908
      0.52 0.000210261 0.00552486 0.000405104
      0.53 7.00869e-05 0.00284091 0.000136799
      0.54          0          0          0
      0.55          0          0          0
      0.56          0          0          0
      0.57          0          0          0
      0.58          0          0          0
      0.59          0          0          0
       0.6          0          0          0
      0.61          0          0          0
      0.62          0          0          0
      0.63          0          0          0
      0.64          0          0          0
      0.65          0          0          0
      0.66          0          0          0
      0.67          0          0          0
      0.68          0          0          0
      0.69          0          0          0
       0.7          0          0          0
      0.71          0          0          0
      0.72          0          0          0
      0.73          0          0          0
      0.74          0          0          0
      0.75          0          0          0
      0.76          0          0          0
      0.77          0          0          0
      0.78          0          0          0
      0.79          0          0          0
       0.8          0          0          0
      0.81          0          0          0
      0.82          0          0          0
      0.83          0          0          0
      0.84          0          0          0
      0.85          0          0          0
      0.86          0          0          0
      0.87          0          0          0
      0.88          0          0          0
      0.89          0          0          0
       0.9          0          0          0
      0.91          0          0          0
      0.92          0          0          0
      0.93          0          0          0
      0.94          0          0          0
      0.95          0          0          0
      0.96          0          0          0
      0.97          0          0          0
      0.98          0          0          0
      0.99          0          0          0
