         0          1   0.205491   0.340925
      0.01     0.9985   0.336666   0.503549
      0.02   0.978418   0.265169   0.417255
      0.03   0.972586   0.247648   0.394775
      0.04   0.957337   0.294626   0.450583
      0.05   0.930756   0.329329   0.486515
      0.06   0.864678   0.392141   0.539578
      0.07   0.805516   0.430243   0.560898
      0.08    0.71544   0.477799   0.572956
      0.09   0.650196   0.482374   0.553851
       0.1   0.533039    0.44666   0.486042
      0.11   0.412382   0.383381   0.397353
      0.12   0.339805   0.330668   0.335174
      0.13    0.20265   0.243736   0.221302
      0.14   0.122656   0.179008   0.145569
      0.15  0.0672444   0.149606  0.0927844
      0.16  0.0614115   0.149497  0.0870599
      0.17  0.0494125   0.146238  0.0738664
      0.18  0.0459962    0.14349  0.0696619
      0.19  0.0372469   0.140952  0.0589232
       0.2  0.0370802   0.144566  0.0590218
      0.21  0.0353304   0.143158   0.056674
      0.22  0.0337472   0.148023  0.0549634
      0.23   0.032164   0.146886  0.0527723
      0.24  0.0303308   0.141983  0.0499839
      0.25  0.0289143   0.140827  0.0479778
      0.26  0.0263311   0.135685  0.0441035
      0.27  0.0233314   0.134371  0.0397592
      0.28  0.0189984   0.126959   0.033051
      0.29   0.015582   0.113835  0.0274119
       0.3 0.00983251  0.0969697  0.0178546
      0.31 0.00399967  0.0888325 0.00765468
      0.32 0.00308308  0.0828025  0.0059448
      0.33 0.00191651  0.0862944 0.00374974
      0.34  0.0012499      0.072 0.00245714
      0.35 0.000833264  0.0869565 0.00165071
      0.36          0          0          0
      0.37          0          0          0
      0.38          0          0          0
      0.39          0          0          0
       0.4          0          0          0
      0.41          0          0          0
      0.42          0          0          0
      0.43          0          0          0
      0.44          0          0          0
      0.45          0          0          0
      0.46          0          0          0
      0.47          0          0          0
      0.48          0          0          0
      0.49          0          0          0
       0.5          0          0          0
      0.51          0          0          0
      0.52          0          0          0
      0.53          0          0          0
      0.54          0          0          0
      0.55          0          0          0
      0.56          0          0          0
      0.57          0          0          0
      0.58          0          0          0
      0.59          0          0          0
       0.6          0          0          0
      0.61          0          0          0
      0.62          0          0          0
      0.63          0          0          0
      0.64          0          0          0
      0.65          0          0          0
      0.66          0          0          0
      0.67          0          0          0
      0.68          0          0          0
      0.69          0          0          0
       0.7          0          0          0
      0.71          0          0          0
      0.72          0          0          0
      0.73          0          0          0
      0.74          0          0          0
      0.75          0          0          0
      0.76          0          0          0
      0.77          0          0          0
      0.78          0          0          0
      0.79          0          0          0
       0.8          0          0          0
      0.81          0          0          0
      0.82          0          0          0
      0.83          0          0          0
      0.84          0          0          0
      0.85          0          0          0
      0.86          0          0          0
      0.87          0          0          0
      0.88          0          0          0
      0.89          0          0          0
       0.9          0          0          0
      0.91          0          0          0
      0.92          0          0          0
      0.93          0          0          0
      0.94          0          0          0
      0.95          0          0          0
      0.96          0          0          0
      0.97          0          0          0
      0.98          0          0          0
      0.99          0          0          0
