         0          1   0.364376   0.534128
      0.01   0.999896   0.405899   0.577406
      0.02   0.998757    0.45934   0.629271
      0.03   0.994975   0.440081   0.610247
      0.04   0.986273   0.398386    0.56753
      0.05   0.973737   0.387083   0.553955
      0.06   0.944574   0.397578   0.559612
      0.07   0.910593   0.415076   0.570226
      0.08   0.848951   0.439858   0.579478
      0.09    0.80461   0.456336   0.582376
       0.1   0.728309   0.485894   0.582902
      0.11   0.658016   0.510813   0.575145
      0.12   0.599896    0.52585   0.560438
      0.13   0.500026   0.542582   0.520436
      0.14   0.449003   0.559489   0.498194
      0.15   0.392955    0.56299   0.462851
      0.16   0.343849   0.567614   0.428264
      0.17   0.302046   0.562803   0.393115
      0.18   0.275473   0.564363   0.370231
      0.19   0.240559   0.558995   0.336366
       0.2   0.210049   0.554483    0.30468
      0.21   0.183683    0.53424   0.273374
      0.22   0.149599   0.501883   0.230493
      0.23   0.132401   0.490105   0.208481
      0.24   0.112821   0.465633   0.181632
      0.25  0.0885781    0.44078   0.147512
      0.26  0.0676509   0.420916   0.116567
      0.27  0.0585859   0.418494   0.102783
      0.28   0.045584   0.402235   0.081888
      0.29  0.0348096   0.399263  0.0640363
       0.3  0.0289044   0.380028  0.0537228
      0.31  0.0166278   0.355263  0.0317687
      0.32  0.0150738   0.356239  0.0289238
      0.33   0.014504     0.3625   0.027892
      0.34  0.0139342   0.378132   0.026878
      0.35  0.0134162   0.403141  0.0259682
      0.36   0.013209   0.431884   0.025634
      0.37   0.012432   0.440514  0.0241816
      0.38  0.0119658   0.442177  0.0233011
      0.39  0.0112406    0.45283  0.0219367
       0.4  0.0108262   0.449799  0.0211435
      0.41 0.00999741   0.447368  0.0195578
      0.42 0.00833981   0.435185   0.016366
      0.43 0.00828801   0.438424  0.0162685
      0.44 0.00818441     0.4375  0.0160682
      0.45 0.00808081   0.445652  0.0158738
      0.46 0.00745921   0.451807  0.0146761
      0.47 0.00678581   0.443709  0.0133672
      0.48 0.00678581   0.450704  0.0133703
      0.49 0.00673401   0.444444   0.013267
       0.5 0.00621601   0.438462  0.0122582
      0.51 0.00611241       0.44  0.0120573
      0.52 0.00590521   0.446281  0.0116562
      0.53 0.00554261   0.472222  0.0109566
      0.54 0.00538721   0.475248  0.0106536
      0.55 0.00507641   0.462366  0.0100426
      0.56  0.0048174   0.430233 0.00952812
      0.57  0.0047138   0.414634 0.00932164
      0.58  0.0042476   0.378378  0.0084009
      0.59   0.003367   0.347826 0.00666945
       0.6  0.0030562   0.338462 0.00605771
      0.61    0.00259   0.321429  0.0051386
      0.62  0.0021238   0.276596 0.00421524
      0.63   0.002072    0.27907 0.00411346
      0.64   0.002072   0.314286 0.00411686
      0.65   0.001813   0.368421 0.00360825
      0.66  0.0011914   0.294118 0.00237319
      0.67 0.000828801        0.4 0.00165417
      0.68 0.000777001   0.428571 0.00155119
      0.69          0          0          0
       0.7          0          0          0
      0.71          0          0          0
      0.72          0          0          0
      0.73          0          0          0
      0.74          0          0          0
      0.75          0          0          0
      0.76          0          0          0
      0.77          0          0          0
      0.78          0          0          0
      0.79          0          0          0
       0.8          0          0          0
      0.81          0          0          0
      0.82          0          0          0
      0.83          0          0          0
      0.84          0          0          0
      0.85          0          0          0
      0.86          0          0          0
      0.87          0          0          0
      0.88          0          0          0
      0.89          0          0          0
       0.9          0          0          0
      0.91          0          0          0
      0.92          0          0          0
      0.93          0          0          0
      0.94          0          0          0
      0.95          0          0          0
      0.96          0          0          0
      0.97          0          0          0
      0.98          0          0          0
      0.99          0          0          0
