         0          1   0.176767   0.300428
      0.01   0.999688   0.282622   0.440663
      0.02   0.996787   0.379264   0.549464
      0.03    0.98532   0.417873   0.586859
      0.04   0.974611   0.409802   0.576991
      0.05   0.965776   0.363262   0.527945
      0.06   0.956807   0.258979   0.407626
      0.07   0.952434   0.268297   0.418659
      0.08   0.932489   0.290598   0.443107
      0.09   0.885458   0.302973   0.451469
       0.1    0.85525   0.330011   0.476253
      0.11   0.850966   0.363295   0.509202
      0.12   0.833028    0.37232   0.514628
      0.13   0.799206   0.398675   0.531979
      0.14   0.770738   0.417039   0.541226
      0.15   0.760653   0.449018   0.564694
      0.16    0.75338     0.4682   0.577502
      0.17   0.745571    0.49286   0.593432
      0.18   0.740128   0.504063   0.599701
      0.19   0.731337   0.525164   0.611336
       0.2   0.729329   0.548137   0.625883
      0.21   0.722324   0.581577   0.644354
      0.22   0.706707   0.624379   0.662997
      0.23    0.70153   0.637925   0.668218
      0.24   0.683191   0.642966   0.662468
      0.25   0.673464   0.638205   0.655361
      0.26   0.653652   0.633149   0.643237
      0.27   0.625943   0.626222   0.626082
      0.28   0.572442   0.600388   0.586082
      0.29    0.50386   0.547606   0.524823
       0.3   0.269555    0.39291   0.319748
      0.31   0.156709   0.274336   0.199473
      0.32   0.113783    0.19863   0.144685
      0.33  0.0697425   0.128723  0.0904689
      0.34  0.0316809  0.0714286  0.0438935
      0.35 0.00410513   0.049884 0.00758598
      0.36 0.00410513  0.0487805 0.00757295
      0.37 0.00410513  0.0487805 0.00757295
      0.38 0.00410513  0.0476744 0.00755934
      0.39 0.00410513  0.0476744 0.00755934
       0.4 0.00410513  0.0476744 0.00755934
      0.41 0.00410513  0.0465658  0.0075451
      0.42 0.00410513  0.0465658  0.0075451
      0.43 0.00410513    0.04662 0.00754581
      0.44 0.00410513   0.045614 0.00753236
      0.45 0.00410513  0.0456674 0.00753309
      0.46 0.00392664  0.0401891 0.00715428
      0.47 0.00392664  0.0406213 0.00716106
      0.48 0.00392664  0.0387409 0.00713056
      0.49 0.00392664  0.0390244 0.00713533
       0.5  0.0038374  0.0369914 0.00695347
      0.51 0.00379278  0.0350438 0.00684475
      0.52 0.00370354  0.0344388 0.00668787
      0.53 0.00365892  0.0340314 0.00660743
      0.54 0.00365892  0.0351351 0.00662764
      0.55 0.00339119  0.0323488 0.00613884
      0.56  0.0027665   0.030479 0.00507257
      0.57 0.00267726  0.0272315 0.00487521
      0.58 0.00263264  0.0250784 0.00476505
      0.59 0.00138325  0.0233723 0.00261192
       0.6 0.000624693  0.0215054 0.00121412
      0.61 0.000624693  0.0215686 0.00121422
      0.62 0.000624693  0.0234542 0.00121697
      0.63 0.00049083   0.020979 0.000959219
      0.64 0.00049083  0.0216216 0.000959871
      0.65 0.00049083  0.0252366 0.000962933
      0.66 0.000446209  0.0305677 0.000879579
      0.67 0.000312347  0.0299401 0.000618243
      0.68          0          0          0
      0.69          0          0          0
       0.7          0          0          0
      0.71          0          0          0
      0.72          0          0          0
      0.73          0          0          0
      0.74          0          0          0
      0.75          0          0          0
      0.76          0          0          0
      0.77          0          0          0
      0.78          0          0          0
      0.79          0          0          0
       0.8          0          0          0
      0.81          0          0          0
      0.82          0          0          0
      0.83          0          0          0
      0.84          0          0          0
      0.85          0          0          0
      0.86          0          0          0
      0.87          0          0          0
      0.88          0          0          0
      0.89          0          0          0
       0.9          0          0          0
      0.91          0          0          0
      0.92          0          0          0
      0.93          0          0          0
      0.94          0          0          0
      0.95          0          0          0
      0.96          0          0          0
      0.97          0          0          0
      0.98          0          0          0
      0.99          0          0          0
