         0          1   0.361785    0.53134
      0.01          1   0.427158   0.598613
      0.02   0.998129    0.47253   0.641408
      0.03   0.995415   0.436593   0.606967
      0.04   0.984467   0.414547   0.583422
      0.05   0.976045   0.413128   0.580534
      0.06   0.953681   0.419758   0.582939
      0.07    0.92224    0.43994   0.595707
      0.08    0.85131   0.473841   0.608815
      0.09   0.787898   0.493503   0.606882
       0.1   0.683562   0.522716   0.592415
      0.11   0.593231    0.53801   0.564273
      0.12   0.551341   0.543323   0.547303
      0.13   0.468996   0.541224   0.502528
      0.14   0.424735   0.539939   0.475458
      0.15   0.369619     0.5194   0.431892
      0.16   0.341485   0.499525   0.405656
      0.17   0.299688   0.480473   0.369134
      0.18   0.267405   0.461745   0.338676
      0.19   0.233593   0.441411   0.305511
       0.2   0.222551   0.434783   0.294406
      0.21   0.203057   0.421762   0.274133
      0.22   0.190331   0.409115   0.259797
      0.23   0.179975   0.404399   0.249093
      0.24   0.162258   0.394462   0.229935
      0.25   0.153961   0.396597   0.221813
      0.26   0.139457   0.374731   0.203268
      0.27   0.129507   0.361847   0.190745
      0.28   0.118964   0.345169   0.176944
      0.29   0.104086   0.316399   0.156642
       0.3  0.0812539   0.253823   0.123101
      0.31  0.0620087   0.196682  0.0942903
      0.32   0.039582   0.134511  0.0611652
      0.33  0.0172801   0.053068  0.0260709
      0.34  0.0036806  0.0127737  0.0057146
      0.35          0          0          0
      0.36          0          0          0
      0.37          0          0          0
      0.38          0          0          0
      0.39          0          0          0
       0.4          0          0          0
      0.41          0          0          0
      0.42          0          0          0
      0.43          0          0          0
      0.44          0          0          0
      0.45          0          0          0
      0.46          0          0          0
      0.47          0          0          0
      0.48          0          0          0
      0.49          0          0          0
       0.5          0          0          0
      0.51          0          0          0
      0.52          0          0          0
      0.53          0          0          0
      0.54          0          0          0
      0.55          0          0          0
      0.56          0          0          0
      0.57          0          0          0
      0.58          0          0          0
      0.59          0          0          0
       0.6          0          0          0
      0.61          0          0          0
      0.62          0          0          0
      0.63          0          0          0
      0.64          0          0          0
      0.65          0          0          0
      0.66          0          0          0
      0.67          0          0          0
      0.68          0          0          0
      0.69          0          0          0
       0.7          0          0          0
      0.71          0          0          0
      0.72          0          0          0
      0.73          0          0          0
      0.74          0          0          0
      0.75          0          0          0
      0.76          0          0          0
      0.77          0          0          0
      0.78          0          0          0
      0.79          0          0          0
       0.8          0          0          0
      0.81          0          0          0
      0.82          0          0          0
      0.83          0          0          0
      0.84          0          0          0
      0.85          0          0          0
      0.86          0          0          0
      0.87          0          0          0
      0.88          0          0          0
      0.89          0          0          0
       0.9          0          0          0
      0.91          0          0          0
      0.92          0          0          0
      0.93          0          0          0
      0.94          0          0          0
      0.95          0          0          0
      0.96          0          0          0
      0.97          0          0          0
      0.98          0          0          0
      0.99          0          0          0
