         0          1   0.242084   0.389803
      0.01          1   0.320284   0.485175
      0.02   0.996952    0.33701   0.503737
      0.03   0.991632   0.277162   0.433235
      0.04   0.982069   0.258204     0.4089
      0.05   0.976272   0.272483   0.426052
      0.06   0.960851   0.328444   0.489548
      0.07   0.935449   0.370406    0.53068
      0.08   0.882015   0.435142   0.582774
      0.09   0.844241   0.473943   0.607081
       0.1   0.783456   0.504361   0.613666
      0.11   0.677365    0.51308   0.583887
      0.12   0.606897   0.509735   0.554089
      0.13   0.507979   0.493697   0.500737
      0.14   0.437153   0.473638   0.454664
      0.15   0.369016   0.435338   0.399442
      0.16   0.302612   0.413469   0.349459
      0.17    0.24099   0.375889    0.29369
      0.18   0.221565   0.354719   0.272759
      0.19   0.187377   0.326269   0.238044
       0.2   0.165382   0.298278   0.212784
      0.21   0.132509   0.264339   0.176527
      0.22  0.0925826   0.217368   0.129856
      0.23  0.0722611   0.182376    0.10351
      0.24  0.0450063   0.134045   0.067387
      0.25  0.0321559   0.109413   0.049704
      0.26  0.0230112  0.0944931  0.0370097
      0.27  0.0219951  0.0892405  0.0352918
      0.28  0.0161975   0.072549  0.0264824
      0.29  0.0150619  0.0686667  0.0247048
       0.3  0.0132688  0.0665251  0.0221247
      0.31  0.0107585  0.0640316  0.0184218
      0.32 0.00986193  0.0555556  0.0167504
      0.33 0.00597693  0.0586881   0.010849
      0.34  0.0044827  0.0722714 0.00844178
      0.35 0.00442293   0.106335 0.00849261
      0.36 0.00442293   0.142349 0.00857929
      0.37 0.00400454   0.179348 0.00783416
      0.38   0.003885   0.238095 0.00764526
      0.39 0.00346662   0.320513 0.00685905
       0.4 0.00346662   0.314815 0.00685772
      0.41 0.00227123   0.321429 0.00451059
      0.42 0.000956309   0.235294 0.00190488
      0.43 0.000896539   0.272727  0.0017872
      0.44 0.000119539       0.25 0.000238963
      0.45          0          0          0
      0.46          0          0          0
      0.47          0          0          0
      0.48          0          0          0
      0.49          0          0          0
       0.5          0          0          0
      0.51          0          0          0
      0.52          0          0          0
      0.53          0          0          0
      0.54          0          0          0
      0.55          0          0          0
      0.56          0          0          0
      0.57          0          0          0
      0.58          0          0          0
      0.59          0          0          0
       0.6          0          0          0
      0.61          0          0          0
      0.62          0          0          0
      0.63          0          0          0
      0.64          0          0          0
      0.65          0          0          0
      0.66          0          0          0
      0.67          0          0          0
      0.68          0          0          0
      0.69          0          0          0
       0.7          0          0          0
      0.71          0          0          0
      0.72          0          0          0
      0.73          0          0          0
      0.74          0          0          0
      0.75          0          0          0
      0.76          0          0          0
      0.77          0          0          0
      0.78          0          0          0
      0.79          0          0          0
       0.8          0          0          0
      0.81          0          0          0
      0.82          0          0          0
      0.83          0          0          0
      0.84          0          0          0
      0.85          0          0          0
      0.86          0          0          0
      0.87          0          0          0
      0.88          0          0          0
      0.89          0          0          0
       0.9          0          0          0
      0.91          0          0          0
      0.92          0          0          0
      0.93          0          0          0
      0.94          0          0          0
      0.95          0          0          0
      0.96          0          0          0
      0.97          0          0          0
      0.98          0          0          0
      0.99          0          0          0
