         0          1   0.319512   0.484288
      0.01   0.999858   0.319568   0.484336
      0.02    0.99547    0.30503   0.466972
      0.03   0.992568   0.307526   0.469566
      0.04   0.984005    0.31535   0.477631
      0.05   0.972256    0.31528   0.476154
      0.06   0.931064   0.313295   0.468832
      0.07   0.885484   0.310686   0.459981
      0.08    0.76842   0.302957   0.434578
      0.09   0.684479   0.298202    0.41542
       0.1    0.56246    0.29594   0.387825
      0.11    0.44306   0.291249   0.351462
      0.12   0.349848   0.284314   0.313695
      0.13   0.220185     0.2671   0.241384
      0.14   0.168873   0.252908   0.202519
      0.15   0.115153   0.227109    0.15282
      0.16  0.0847901   0.214884   0.121599
      0.17  0.0452969   0.198233  0.0737432
      0.18   0.036096   0.197033  0.0610143
      0.19  0.0228608   0.185806  0.0407125
       0.2  0.0213037   0.185382  0.0382157
      0.21  0.0174818   0.175855  0.0318021
      0.22  0.0151462   0.163205  0.0277198
      0.23  0.0150754   0.160217  0.0275577
      0.24  0.0135183   0.145799  0.0247425
      0.25  0.0132352   0.138889  0.0241674
      0.26  0.0118197   0.132296  0.0217005
      0.27 0.00927171   0.114595  0.0171554
      0.28 0.00821006    0.11236   0.015302
      0.29 0.00778541   0.111111  0.0145512
       0.3 0.00707764   0.105611  0.0132662
      0.31 0.00658221   0.102041  0.0123667
      0.32 0.00594522   0.103371  0.0112438
      0.33 0.00474202  0.0813953 0.00896193
      0.34 0.00247717  0.0507246 0.00472367
      0.35 0.000353882  0.0483871 0.000702625
      0.36 0.000353882  0.0638298 0.000703862
      0.37 0.000353882  0.0989011 0.000705241
      0.38 0.000353882   0.121622 0.000705711
      0.39 0.000353882   0.219512 0.000706625
       0.4 0.000353882   0.321429 0.000706986
      0.41 0.000353882   0.363636 0.000707076
      0.42 0.000353882   0.714286 0.000707414
      0.43 0.000353882          1 0.000707514
      0.44          0          0          0
      0.45          0          0          0
      0.46          0          0          0
      0.47          0          0          0
      0.48          0          0          0
      0.49          0          0          0
       0.5          0          0          0
      0.51          0          0          0
      0.52          0          0          0
      0.53          0          0          0
      0.54          0          0          0
      0.55          0          0          0
      0.56          0          0          0
      0.57          0          0          0
      0.58          0          0          0
      0.59          0          0          0
       0.6          0          0          0
      0.61          0          0          0
      0.62          0          0          0
      0.63          0          0          0
      0.64          0          0          0
      0.65          0          0          0
      0.66          0          0          0
      0.67          0          0          0
      0.68          0          0          0
      0.69          0          0          0
       0.7          0          0          0
      0.71          0          0          0
      0.72          0          0          0
      0.73          0          0          0
      0.74          0          0          0
      0.75          0          0          0
      0.76          0          0          0
      0.77          0          0          0
      0.78          0          0          0
      0.79          0          0          0
       0.8          0          0          0
      0.81          0          0          0
      0.82          0          0          0
      0.83          0          0          0
      0.84          0          0          0
      0.85          0          0          0
      0.86          0          0          0
      0.87          0          0          0
      0.88          0          0          0
      0.89          0          0          0
       0.9          0          0          0
      0.91          0          0          0
      0.92          0          0          0
      0.93          0          0          0
      0.94          0          0          0
      0.95          0          0          0
      0.96          0          0          0
      0.97          0          0          0
      0.98          0          0          0
      0.99          0          0          0
