         0          1   0.384732   0.555677
      0.01   0.992667    0.46392   0.632325
      0.02   0.981382   0.442969   0.610414
      0.03   0.965857   0.394052   0.559741
      0.04   0.932287   0.407856    0.56746
      0.05   0.858501   0.431218   0.574081
      0.06   0.773488    0.49449   0.603295
      0.07   0.725023    0.52664    0.61011
      0.08   0.633077   0.566266   0.597811
      0.09   0.575905   0.588895   0.582328
       0.1   0.485564   0.595919   0.535111
      0.11   0.384395   0.564189   0.457253
      0.12   0.320062   0.528963   0.398813
      0.13   0.244329   0.458618   0.318811
      0.14   0.209326   0.409179   0.276964
      0.15   0.156565    0.36757   0.219595
      0.16   0.135827   0.346891   0.195216
      0.17   0.114058   0.331984   0.169784
      0.18   0.104549   0.317628   0.157316
      0.19  0.0891384   0.298491   0.137281
       0.2  0.0800298   0.288361   0.125288
      0.21  0.0656508   0.270667   0.105671
      0.22  0.0512145   0.265147  0.0858471
      0.23  0.0459441   0.266935   0.078395
      0.24   0.035747   0.260071  0.0628546
      0.25  0.0274404   0.253818  0.0495265
      0.26  0.0182745   0.254211  0.0340978
      0.27  0.0163841   0.253767  0.0307808
      0.28   0.015983   0.246244  0.0300177
      0.29   0.015582   0.243902  0.0292927
       0.3  0.0149519   0.251668  0.0282268
      0.31   0.013176   0.248434  0.0250248
      0.32  0.0125458   0.238303  0.0238367
      0.33 0.00979606   0.202561  0.0186883
      0.34 0.00933776    0.19645  0.0178281
      0.35 0.00905133   0.183797   0.017253
      0.36 0.00905133   0.177122  0.0172225
      0.37 0.00859303   0.163424  0.0163275
      0.38 0.00761916   0.151147   0.014507
      0.39 0.00647342   0.132394  0.0123433
       0.4 0.00607241   0.118497  0.0115528
      0.41 0.00498396   0.102102   0.009504
      0.42 0.00406737   0.093949 0.00779717
      0.43  0.0034945  0.0871711 0.00671963
      0.44 0.00337993  0.0862069 0.00650482
      0.45 0.00337993  0.0833333 0.00649637
      0.46 0.00229148  0.0623853 0.00442058
      0.47 0.00223419  0.0520446 0.00428445
      0.48 0.00137489  0.0344168 0.00264414
      0.49 0.00137489  0.0348162 0.00264531
       0.5 0.00137489  0.0316206 0.00263519
      0.51 0.00137489  0.0241935 0.00260191
      0.52 0.000687443  0.0123457 0.00130237
      0.53 0.000687443 0.00668151 0.00124662
      0.54          0          0          0
      0.55          0          0          0
      0.56          0          0          0
      0.57          0          0          0
      0.58          0          0          0
      0.59          0          0          0
       0.6          0          0          0
      0.61          0          0          0
      0.62          0          0          0
      0.63          0          0          0
      0.64          0          0          0
      0.65          0          0          0
      0.66          0          0          0
      0.67          0          0          0
      0.68          0          0          0
      0.69          0          0          0
       0.7          0          0          0
      0.71          0          0          0
      0.72          0          0          0
      0.73          0          0          0
      0.74          0          0          0
      0.75          0          0          0
      0.76          0          0          0
      0.77          0          0          0
      0.78          0          0          0
      0.79          0          0          0
       0.8          0          0          0
      0.81          0          0          0
      0.82          0          0          0
      0.83          0          0          0
      0.84          0          0          0
      0.85          0          0          0
      0.86          0          0          0
      0.87          0          0          0
      0.88          0          0          0
      0.89          0          0          0
       0.9          0          0          0
      0.91          0          0          0
      0.92          0          0          0
      0.93          0          0          0
      0.94          0          0          0
      0.95          0          0          0
      0.96          0          0          0
      0.97          0          0          0
      0.98          0          0          0
      0.99          0          0          0
