         0          1   0.317058   0.481463
      0.01   0.999853   0.359207   0.528533
      0.02   0.996622   0.403985   0.574922
      0.03   0.990895   0.389465   0.559157
      0.04   0.980567   0.364038   0.530957
      0.05    0.97063   0.355595   0.520502
      0.06   0.955211   0.363243   0.526335
      0.07   0.942386   0.376096   0.537629
      0.08   0.912233   0.399012   0.555185
      0.09    0.88531   0.409653   0.560124
       0.1   0.834989   0.423776   0.562215
      0.11   0.781977   0.437468   0.561058
      0.12   0.739096   0.447335   0.557342
      0.13    0.68065   0.459036   0.548297
      0.14   0.647364   0.462088   0.539256
      0.15   0.586421    0.46388   0.518002
      0.16   0.531695    0.46738   0.497468
      0.17   0.478144   0.466268   0.472131
      0.18   0.448089   0.459049   0.453503
      0.19   0.397621   0.445025    0.41999
       0.2   0.361643   0.431241   0.393387
      0.21   0.304322   0.403537   0.346977
      0.22   0.267561    0.38494   0.315693
      0.23    0.23638   0.370093   0.288496
      0.24   0.209996   0.346437   0.261488
      0.25   0.191003   0.333189   0.242812
      0.26   0.164276   0.296139   0.211325
      0.27   0.137305   0.270189    0.18208
      0.28   0.106124   0.233836   0.145991
      0.29   0.088159   0.214043   0.124882
       0.3  0.0608938   0.181098  0.0911415
      0.31  0.0484116   0.166342  0.0749964
      0.32   0.041167   0.158181  0.0653313
      0.33  0.0311322   0.128111  0.0500917
      0.34  0.0104753   0.105882  0.0190645
      0.35  0.0094963  0.0973378  0.0173044
      0.36 0.00934945  0.0911458  0.0169593
      0.37  0.0079299  0.0800745  0.0144307
      0.38 0.00611875  0.0723489  0.0112832
      0.39  0.0055803  0.0591457  0.0101984
       0.4 0.00455235  0.0508083 0.00835602
      0.41 0.00396495  0.0481013 0.00732602
      0.42 0.00347545  0.0431154  0.0064324
      0.43 0.00279015  0.0411585 0.00522603
      0.44 0.00249645  0.0357143  0.0046667
      0.45 0.00239855  0.0359712 0.00449723
      0.46 0.00230065  0.0351563 0.00431868
      0.47   0.001958  0.0352697 0.00371004
      0.48 0.00161535  0.0305011 0.00306821
      0.49 0.00161535  0.0313199 0.00307225
       0.5 0.00151745  0.0217391 0.00283688
      0.51 0.00151745  0.0207254 0.00282785
      0.52 0.00151745  0.0193906 0.00281464
      0.53 0.00112585  0.0157729 0.00210169
      0.54  0.0010769  0.0133333 0.00199284
      0.55  0.0010769  0.0152091 0.00201138
      0.56  0.0010769  0.0166667 0.00202308
      0.57  0.0010769  0.0199005 0.00204323
      0.58  0.0005874  0.0169492 0.00113545
      0.59  0.0005874  0.0212766 0.00114324
       0.6  0.0005874  0.0263158 0.00114915
      0.61  0.0005874  0.0309278  0.0011529
      0.62 0.00024475  0.0243902 0.000484637
      0.63 0.00024475  0.0263158 0.00048499
      0.64   9.79e-05  0.0181818 0.000194751
      0.65   9.79e-05  0.0263158 0.000195074
      0.66          0          0          0
      0.67          0          0          0
      0.68          0          0          0
      0.69          0          0          0
       0.7          0          0          0
      0.71          0          0          0
      0.72          0          0          0
      0.73          0          0          0
      0.74          0          0          0
      0.75          0          0          0
      0.76          0          0          0
      0.77          0          0          0
      0.78          0          0          0
      0.79          0          0          0
       0.8          0          0          0
      0.81          0          0          0
      0.82          0          0          0
      0.83          0          0          0
      0.84          0          0          0
      0.85          0          0          0
      0.86          0          0          0
      0.87          0          0          0
      0.88          0          0          0
      0.89          0          0          0
       0.9          0          0          0
      0.91          0          0          0
      0.92          0          0          0
      0.93          0          0          0
      0.94          0          0          0
      0.95          0          0          0
      0.96          0          0          0
      0.97          0          0          0
      0.98          0          0          0
      0.99          0          0          0
