         0          1    0.28722   0.446264
      0.01   0.998724   0.354215   0.522955
      0.02   0.989841   0.360741   0.528774
      0.03   0.978406   0.338345   0.502811
      0.04     0.9343   0.342261   0.500993
      0.05   0.904998   0.346168   0.500783
      0.06   0.859972   0.366809   0.514265
      0.07   0.829037   0.376255     0.5176
      0.08   0.783042   0.381382   0.512937
      0.09   0.754505   0.383806   0.508795
       0.1   0.696411   0.386556   0.497156
      0.11   0.641329   0.382753   0.479396
      0.12    0.61555   0.383248   0.472384
      0.13   0.568125   0.379836   0.455281
      0.14   0.530042   0.368797   0.434956
      0.15   0.460156   0.344555   0.394053
      0.16   0.408852   0.328131   0.364071
      0.17   0.358058   0.313173   0.334115
      0.18   0.315279   0.300992    0.30797
      0.19   0.250396   0.290628   0.269016
       0.2   0.213079   0.294826   0.247374
      0.21   0.173873   0.305964   0.221737
      0.22   0.139925   0.319792   0.194672
      0.23   0.113584    0.30865   0.166058
      0.24  0.0731533   0.251383   0.113328
      0.25  0.0464036   0.220708  0.0766844
      0.26  0.0309357   0.207882  0.0538568
      0.27  0.0205217   0.196687  0.0371657
      0.28  0.0192965   0.201313  0.0352174
      0.29  0.0191944    0.20452  0.0350952
       0.3  0.0191944   0.220988   0.035321
      0.31  0.0190413   0.228117  0.0351487
      0.32  0.0189392   0.231312  0.0350117
      0.33  0.0172546   0.221698  0.0320173
      0.34  0.0170504   0.218094  0.0316281
      0.35  0.0158763    0.21875  0.0296039
      0.36  0.0157231   0.210438    0.02926
      0.37  0.0154679   0.205217  0.0287674
      0.38  0.0132728   0.201058  0.0249016
      0.39  0.0127112   0.189435  0.0238238
       0.4  0.0115371   0.183019  0.0217059
      0.41 0.00975037   0.179641  0.0184968
      0.42 0.00954617    0.17623  0.0181113
      0.43 0.00934198   0.183007  0.0177765
      0.44 0.00857624   0.192214  0.0164199
      0.45 0.00826995   0.209115  0.0159107
      0.46 0.00653428   0.215488  0.0126839
      0.47 0.00653428   0.220149  0.0126919
      0.48 0.00617694   0.228448  0.0120286
      0.49 0.00571749   0.233645  0.0111618
       0.5 0.00362448   0.229885 0.00713645
      0.51 0.00209301   0.173611 0.00413616
      0.52 0.00158252   0.143939 0.00313062
      0.53 0.00137832   0.139344 0.00272965
      0.54 0.00132728   0.128205 0.00262735
      0.55 0.000969932   0.105263 0.00192215
      0.56 0.000714687  0.0972222 0.00141894
      0.57 0.000612589   0.357143 0.00122308
      0.58 0.000357343   0.333333 0.000713921
      0.59          0          0          0
       0.6          0          0          0
      0.61          0          0          0
      0.62          0          0          0
      0.63          0          0          0
      0.64          0          0          0
      0.65          0          0          0
      0.66          0          0          0
      0.67          0          0          0
      0.68          0          0          0
      0.69          0          0          0
       0.7          0          0          0
      0.71          0          0          0
      0.72          0          0          0
      0.73          0          0          0
      0.74          0          0          0
      0.75          0          0          0
      0.76          0          0          0
      0.77          0          0          0
      0.78          0          0          0
      0.79          0          0          0
       0.8          0          0          0
      0.81          0          0          0
      0.82          0          0          0
      0.83          0          0          0
      0.84          0          0          0
      0.85          0          0          0
      0.86          0          0          0
      0.87          0          0          0
      0.88          0          0          0
      0.89          0          0          0
       0.9          0          0          0
      0.91          0          0          0
      0.92          0          0          0
      0.93          0          0          0
      0.94          0          0          0
      0.95          0          0          0
      0.96          0          0          0
      0.97          0          0          0
      0.98          0          0          0
      0.99          0          0          0
