         0          1   0.296598   0.457502
      0.01          1   0.533888   0.696124
      0.02   0.995701   0.564962    0.72089
      0.03   0.981449   0.549216   0.704305
      0.04   0.969029   0.512318    0.67027
      0.05   0.963615   0.498316   0.656919
      0.06   0.946775   0.517052   0.668839
      0.07   0.930056   0.563585   0.701863
      0.08   0.898885   0.647317   0.752636
      0.09   0.874642   0.666215   0.756332
       0.1   0.822771   0.685692   0.748003
      0.11   0.766083   0.689277   0.725653
      0.12   0.714132   0.680764   0.697049
      0.13   0.625398   0.664646   0.644425
      0.14   0.577707    0.64556   0.609752
      0.15   0.496775   0.614522   0.549411
      0.16   0.462381    0.59267    0.51948
      0.17   0.404737   0.561165   0.470284
      0.18   0.382564   0.547619   0.450447
      0.19   0.350557   0.526427   0.420858
       0.2   0.332245   0.515195   0.403972
      0.21   0.299482   0.476471   0.367792
      0.22   0.237739   0.425347   0.305003
      0.23   0.210549   0.393382   0.274291
      0.24   0.173288   0.363369   0.234666
      0.25   0.162818   0.347892   0.221821
      0.26   0.142596   0.328057   0.198786
      0.27    0.11676   0.284784   0.165617
      0.28  0.0884952   0.249836   0.130696
      0.29   0.079379    0.22439   0.117272
       0.3  0.0472134   0.181335  0.0749202
      0.31  0.0313296   0.141707  0.0513143
      0.32  0.0230494   0.123642  0.0388553
      0.33  0.0131369   0.111014  0.0234937
      0.34  0.0128583   0.107623   0.022972
      0.35  0.0100318   0.095283  0.0181525
      0.36  0.0093551  0.0909091  0.0169644
      0.37 0.00744427  0.0787084   0.013602
      0.38 0.00660828  0.0679406   0.012045
      0.39 0.00497611  0.0636255 0.00923033
       0.4 0.00469745  0.0632603  0.0087455
      0.41 0.00437898  0.0608696 0.00817019
      0.42 0.00390127  0.0561224 0.00729542
      0.43 0.00366242  0.0484928 0.00681048
      0.44 0.00330414  0.0434193 0.00614096
      0.45 0.00318471  0.0433566 0.00593358
      0.46  0.0031449  0.0426743 0.00585809
      0.47  0.0031449  0.0403458 0.00583498
      0.48  0.0031051  0.0396476 0.00575915
      0.49 0.00302548  0.0387481 0.00561271
       0.5 0.00298567  0.0377644 0.00553383
      0.51 0.00290605  0.0367534 0.00538622
      0.52 0.00274682  0.0327103 0.00506805
      0.53 0.00274682  0.0316957 0.00505551
      0.54 0.00274682   0.031746 0.00505615
      0.55 0.00274682   0.031746 0.00505615
      0.56 0.00274682  0.0318471 0.00505743
      0.57 0.00274682   0.030303 0.00503705
      0.58 0.00274682     0.0288 0.00501529
      0.59 0.00274682  0.0290323 0.00501879
       0.6 0.00274682  0.0295082  0.0050258
      0.61 0.00274682  0.0304054 0.00503846
      0.62 0.00274682  0.0277778 0.00499928
      0.63 0.00274682  0.0284192 0.00500945
      0.64 0.00274682  0.0294118 0.00502439
      0.65 0.00250796  0.0278293 0.00460126
      0.66 0.00234873  0.0273973 0.00432654
      0.67 0.00234873  0.0276134 0.00432922
      0.68 0.00210987  0.0266393 0.00391006
      0.69  0.0013535  0.0233546 0.00255872
       0.7 0.000875796  0.0273556 0.00169725
      0.71          0          0          0
      0.72          0          0          0
      0.73          0          0          0
      0.74          0          0          0
      0.75          0          0          0
      0.76          0          0          0
      0.77          0          0          0
      0.78          0          0          0
      0.79          0          0          0
       0.8          0          0          0
      0.81          0          0          0
      0.82          0          0          0
      0.83          0          0          0
      0.84          0          0          0
      0.85          0          0          0
      0.86          0          0          0
      0.87          0          0          0
      0.88          0          0          0
      0.89          0          0          0
       0.9          0          0          0
      0.91          0          0          0
      0.92          0          0          0
      0.93          0          0          0
      0.94          0          0          0
      0.95          0          0          0
      0.96          0          0          0
      0.97          0          0          0
      0.98          0          0          0
      0.99          0          0          0
