         0          1   0.223995   0.366006
      0.01   0.998775   0.283479   0.441615
      0.02   0.990456   0.351119   0.518447
      0.03   0.980525   0.328847   0.492515
      0.04   0.960792   0.259485   0.408613
      0.05   0.944606   0.247695   0.392475
      0.06   0.931515   0.266519   0.414457
      0.07    0.91894   0.285758   0.435951
      0.08   0.893081   0.321333   0.472617
      0.09    0.86677   0.338537   0.486903
       0.1   0.824337   0.370178   0.510921
      0.11   0.755078   0.398624   0.521785
      0.12   0.715225   0.418104   0.527717
      0.13   0.654156   0.435662   0.523006
      0.14   0.595022   0.442232   0.507374
      0.15   0.544464    0.44873   0.491983
      0.16   0.505836   0.440191   0.470736
      0.17   0.434642   0.427779   0.431184
      0.18   0.392855   0.409614   0.401059
      0.19   0.323402   0.375966   0.347709
       0.2   0.280325   0.357586   0.314277
      0.21   0.234088   0.335329   0.275708
      0.22   0.183401   0.297798   0.227001
      0.23    0.14516   0.275171   0.190059
      0.24   0.106275   0.246522   0.148522
      0.25  0.0887341   0.228964   0.127901
      0.26  0.0631973   0.204626  0.0965697
      0.27  0.0456568   0.187879  0.0734616
      0.28  0.0341136   0.175709  0.0571346
      0.29  0.0206358   0.164684   0.036676
       0.3  0.0206358   0.163522   0.036647
      0.31  0.0203134   0.164751  0.0361675
      0.32  0.0203134   0.165061  0.0361749
      0.33   0.019733   0.166994  0.0352953
      0.34  0.0190882   0.167109  0.0342626
      0.35  0.0184433    0.16756  0.0332291
      0.36  0.0176694   0.165194  0.0319242
      0.37  0.0176694   0.162759  0.0318781
      0.38  0.0176694   0.162596   0.031875
      0.39  0.0176694   0.158345  0.0317913
       0.4  0.0174115   0.154294  0.0312918
      0.41  0.0161862   0.142322  0.0290667
      0.42  0.0151544   0.135802  0.0272662
      0.43  0.0134133   0.131825  0.0243491
      0.44  0.0132843   0.128571  0.0240806
      0.45  0.0129619   0.126003  0.0235058
      0.46  0.0110273   0.121411  0.0202182
      0.47  0.0110273   0.122398  0.0202318
      0.48  0.0107048    0.12226   0.019686
      0.49  0.0107048   0.122241  0.0196858
       0.5  0.0103824   0.123917  0.0191595
      0.51  0.0103179   0.123118  0.0190402
      0.52 0.00973754   0.121487  0.0180299
      0.53 0.00973754   0.124183   0.018059
      0.54 0.00947959   0.123457  0.0176072
      0.55 0.00922164   0.127789  0.0172019
      0.56 0.00909267   0.129374  0.0169912
      0.57 0.00767395   0.126915  0.0144728
      0.58 0.00767395   0.124579  0.0144573
      0.59 0.00767395   0.127635  0.0144775
       0.6 0.00767395   0.133742  0.0145151
      0.61 0.00715806   0.133929  0.0135898
      0.62 0.00690011   0.128647  0.0130977
      0.63 0.00657767    0.12824  0.0125135
      0.64 0.00631973   0.126087  0.0120362
      0.65 0.00573934   0.123308  0.0109682
      0.66 0.00573934   0.123824  0.0109702
      0.67 0.00573934   0.123994  0.0109709
      0.68 0.00535242   0.119171  0.0102447
      0.69  0.0049655  0.0992647 0.00945789
       0.7 0.00322435   0.058296 0.00611072
      0.71 0.000902818  0.0440252 0.00176935
      0.72          0          0          0
      0.73          0          0          0
      0.74          0          0          0
      0.75          0          0          0
      0.76          0          0          0
      0.77          0          0          0
      0.78          0          0          0
      0.79          0          0          0
       0.8          0          0          0
      0.81          0          0          0
      0.82          0          0          0
      0.83          0          0          0
      0.84          0          0          0
      0.85          0          0          0
      0.86          0          0          0
      0.87          0          0          0
      0.88          0          0          0
      0.89          0          0          0
       0.9          0          0          0
      0.91          0          0          0
      0.92          0          0          0
      0.93          0          0          0
      0.94          0          0          0
      0.95          0          0          0
      0.96          0          0          0
      0.97          0          0          0
      0.98          0          0          0
      0.99          0          0          0
