         0          1   0.193017   0.323578
      0.01   0.996966   0.327916   0.493509
      0.02   0.964929   0.375764   0.540893
      0.03   0.949214   0.315332   0.473399
      0.04     0.9264   0.287616   0.438952
      0.05   0.908076   0.293462   0.443574
      0.06   0.871185   0.321336   0.469498
      0.07   0.837085   0.358514   0.502019
      0.08   0.775256   0.403755   0.530976
      0.09   0.747224   0.430477   0.546256
       0.1   0.672471    0.44683   0.536907
      0.11   0.624901   0.456084   0.527311
      0.12   0.589042   0.457379   0.514927
      0.13   0.543717    0.44749   0.490933
      0.14   0.494023   0.422197   0.455295
      0.15    0.43717   0.380992   0.407152
      0.16   0.393241   0.355508   0.373423
      0.17   0.335538   0.325497   0.330441
      0.18   0.310721   0.310217   0.310469
      0.19   0.270615   0.288931   0.279473
       0.2   0.252412   0.274462   0.262975
      0.21   0.214368   0.248223   0.230057
      0.22   0.198046    0.23706   0.215804
      0.23    0.18585   0.227941   0.204755
      0.24   0.161823   0.205755   0.181163
      0.25   0.144105   0.188753   0.163435
      0.26     0.1185   0.162021   0.136885
      0.27   0.109884   0.149644   0.126718
      0.28  0.0826406   0.124614  0.0993772
      0.29  0.0648626   0.108074  0.0810696
       0.3  0.0492689  0.0873333  0.0629977
      0.31  0.0115891  0.0521801  0.0189659
      0.32 0.00910139  0.0500368  0.0154014
      0.33 0.00910139  0.0535855    0.01556
      0.34 0.00910139  0.0549273  0.0156153
      0.35 0.00910139   0.056701  0.0156851
      0.36 0.00910139  0.0600546  0.0158072
      0.37 0.00910139  0.0620757  0.0158752
      0.38 0.00898004  0.0618253  0.0156823
      0.39 0.00898004  0.0600601   0.015624
       0.4 0.00898004  0.0611621  0.0156607
      0.41  0.0083126  0.0602285  0.0146089
      0.42  0.0083126  0.0599572  0.0146009
      0.43 0.00782719  0.0601751  0.0138525
      0.44 0.00782719  0.0605061  0.0138613
      0.45 0.00728111  0.0573951  0.0129228
      0.46 0.00728111  0.0564159  0.0128976
      0.47 0.00728111  0.0564159  0.0128976
      0.48 0.00697773   0.054505  0.0123716
      0.49 0.00697773  0.0549944  0.0123842
       0.5 0.00673503  0.0523918  0.0119357
      0.51 0.00673503  0.0538012  0.0119714
      0.52 0.00673503  0.0508876  0.0118957
      0.53 0.00467205   0.049697 0.00854114
      0.54 0.00467205  0.0505549 0.00855361
      0.55 0.00461137  0.0498753 0.00844219
      0.56 0.00461137  0.0501253 0.00844576
      0.57 0.00388326  0.0493671 0.00720015
      0.58 0.00285177  0.0426908  0.0053464
      0.59 0.00182028  0.0370879 0.00347024
       0.6 0.00182028  0.0378215 0.00347339
      0.61  0.0015169  0.0360206  0.0029112
      0.62 0.000910139  0.0376471 0.00177731
      0.63 0.000606759  0.0367893 0.00119383
      0.64 0.000606759  0.0429185  0.0011966
      0.65 0.000364056  0.0483871 0.000722674
      0.66 0.000364056  0.0484848 0.000722685
      0.67 0.000364056  0.0378788 0.00072118
      0.68 0.00030338  0.0212766 0.000598229
      0.69          0          0          0
       0.7          0          0          0
      0.71          0          0          0
      0.72          0          0          0
      0.73          0          0          0
      0.74          0          0          0
      0.75          0          0          0
      0.76          0          0          0
      0.77          0          0          0
      0.78          0          0          0
      0.79          0          0          0
       0.8          0          0          0
      0.81          0          0          0
      0.82          0          0          0
      0.83          0          0          0
      0.84          0          0          0
      0.85          0          0          0
      0.86          0          0          0
      0.87          0          0          0
      0.88          0          0          0
      0.89          0          0          0
       0.9          0          0          0
      0.91          0          0          0
      0.92          0          0          0
      0.93          0          0          0
      0.94          0          0          0
      0.95          0          0          0
      0.96          0          0          0
      0.97          0          0          0
      0.98          0          0          0
      0.99          0          0          0
