         0          1   0.230724    0.37494
      0.01   0.996615   0.231022   0.375095
      0.02   0.977577   0.236702   0.381122
      0.03   0.955153   0.226761    0.36651
      0.04    0.89846   0.212379   0.343549
      0.05   0.853359   0.211602   0.339115
      0.06   0.783889   0.214995   0.337441
      0.07   0.713742    0.22107    0.33758
      0.08   0.636402   0.229359   0.337194
      0.09    0.57954   0.233319   0.332696
       0.1   0.494585   0.237209   0.320636
      0.11   0.419106   0.234868   0.301035
      0.12   0.382806   0.233942   0.290409
      0.13   0.338636   0.233713   0.276557
      0.14   0.300051   0.229659   0.260177
      0.15   0.242765   0.220519   0.231108
      0.16   0.207819   0.209159   0.208487
      0.17    0.17541   0.210171   0.191224
      0.18   0.155779   0.212633   0.179819
      0.19   0.130987   0.201688   0.158824
       0.2    0.11931   0.190772   0.146806
      0.21  0.0837705   0.182419   0.114815
      0.22  0.0533931   0.162931  0.0804293
      0.23   0.038416   0.156602  0.0616971
      0.24   0.032239   0.156047  0.0534378
      0.25  0.0274158   0.166932  0.0470967
      0.26  0.0243696   0.166667  0.0425218
      0.27  0.0209849   0.150617  0.0368375
      0.28  0.0153156   0.130841  0.0274214
      0.29  0.0129464   0.114094   0.023254
       0.3  0.0106617  0.0604839  0.0181279
      0.31 0.00702318  0.0482456  0.0122615
      0.32  0.0055847  0.0336538  0.0095797
      0.33 0.000592317  0.0218579 0.00115338
      0.34 0.000423083  0.0170455 0.000825673
      0.35 0.000423083  0.0185185 0.000827267
      0.36 0.00025385  0.0130719 0.000498029
      0.37          0          0          0
      0.38          0          0          0
      0.39          0          0          0
       0.4          0          0          0
      0.41          0          0          0
      0.42          0          0          0
      0.43          0          0          0
      0.44          0          0          0
      0.45          0          0          0
      0.46          0          0          0
      0.47          0          0          0
      0.48          0          0          0
      0.49          0          0          0
       0.5          0          0          0
      0.51          0          0          0
      0.52          0          0          0
      0.53          0          0          0
      0.54          0          0          0
      0.55          0          0          0
      0.56          0          0          0
      0.57          0          0          0
      0.58          0          0          0
      0.59          0          0          0
       0.6          0          0          0
      0.61          0          0          0
      0.62          0          0          0
      0.63          0          0          0
      0.64          0          0          0
      0.65          0          0          0
      0.66          0          0          0
      0.67          0          0          0
      0.68          0          0          0
      0.69          0          0          0
       0.7          0          0          0
      0.71          0          0          0
      0.72          0          0          0
      0.73          0          0          0
      0.74          0          0          0
      0.75          0          0          0
      0.76          0          0          0
      0.77          0          0          0
      0.78          0          0          0
      0.79          0          0          0
       0.8          0          0          0
      0.81          0          0          0
      0.82          0          0          0
      0.83          0          0          0
      0.84          0          0          0
      0.85          0          0          0
      0.86          0          0          0
      0.87          0          0          0
      0.88          0          0          0
      0.89          0          0          0
       0.9          0          0          0
      0.91          0          0          0
      0.92          0          0          0
      0.93          0          0          0
      0.94          0          0          0
      0.95          0          0          0
      0.96          0          0          0
      0.97          0          0          0
      0.98          0          0          0
      0.99          0          0          0
