         0          1   0.418411   0.589971
      0.01   0.999209   0.517589   0.681936
      0.02   0.995981   0.603203   0.751356
      0.03   0.992056   0.633689   0.773375
      0.04   0.977657    0.64225    0.77523
      0.05   0.970188   0.603884   0.744414
      0.06   0.956864   0.524375   0.677481
      0.07   0.945883   0.529955   0.679309
      0.08   0.929236   0.546216   0.688011
      0.09   0.914172   0.552384   0.688652
       0.1   0.877176   0.570679   0.691486
      0.11   0.820843    0.62701   0.710952
      0.12   0.778024   0.656937   0.712372
      0.13   0.714792   0.673251     0.6934
      0.14   0.682923   0.685354   0.684136
      0.15   0.627888   0.708846   0.665915
      0.16   0.593202   0.714481   0.648218
      0.17   0.543769   0.719355   0.619358
      0.18   0.518545   0.725594   0.604841
      0.19   0.495126   0.736236   0.592075
       0.2   0.473195   0.732744   0.575038
      0.21   0.442876   0.732076   0.551885
      0.22   0.400184   0.730362   0.517058
      0.23   0.380435   0.725879   0.499225
      0.24   0.342332   0.712006   0.462361
      0.25   0.320463   0.704955   0.440624
      0.26   0.274321   0.673449   0.389844
      0.27   0.244984   0.657519   0.356966
      0.28    0.18305   0.595618   0.280036
      0.29   0.147414   0.542037    0.23179
       0.3  0.0872207   0.382716   0.142065
      0.31  0.0488322   0.261775  0.0823101
      0.32  0.0334831   0.229665  0.0584454
      0.33  0.0219634   0.191332  0.0394036
      0.34  0.0125957   0.160674  0.0233602
      0.35  0.0102222   0.156613  0.0191917
      0.36  0.0102222   0.156909  0.0191939
      0.37  0.0100956   0.157385   0.018974
      0.38 0.00996899   0.154512  0.0187296
      0.39 0.00987404   0.152882    0.01855
       0.4 0.00974745   0.152091  0.0183207
      0.41 0.00965251   0.149485  0.0181341
      0.42 0.00816507   0.143421  0.0154505
      0.43 0.00816507   0.140212  0.0154315
      0.44 0.00765871   0.133333  0.0144854
      0.45 0.00765871   0.132353  0.0144796
      0.46 0.00759542    0.12938  0.0143485
      0.47 0.00743718   0.128378  0.0140598
      0.48 0.00693082   0.121253  0.0131121
      0.49 0.00680423   0.119342  0.0128744
       0.5 0.00655105   0.117403  0.0124096
      0.51 0.00575986   0.110644  0.0109497
      0.52 0.00550668   0.107296  0.0104757
      0.53 0.00474714   0.112324 0.00910929
      0.54 0.00446231   0.114701 0.00859042
      0.55  0.0039243   0.104205 0.00756375
      0.56 0.00344959   0.139535 0.00673272
      0.57 0.00212039   0.131579 0.00417352
      0.58 0.00208874   0.134259 0.00411348
      0.59  0.0019938   0.112195 0.00391797
       0.6 0.00174062  0.0858586 0.00341206
      0.61 0.00113931  0.0326087  0.0022017
      0.62 0.000474714  0.0223464 0.000929678
      0.63 0.000474714  0.0170455 0.000923702
      0.64 0.00012659 0.00578035 0.000247755
      0.65 0.00012659 0.00584795 0.000247816
      0.66 0.00012659 0.00609756 0.000248031
      0.67          0          0          0
      0.68          0          0          0
      0.69          0          0          0
       0.7          0          0          0
      0.71          0          0          0
      0.72          0          0          0
      0.73          0          0          0
      0.74          0          0          0
      0.75          0          0          0
      0.76          0          0          0
      0.77          0          0          0
      0.78          0          0          0
      0.79          0          0          0
       0.8          0          0          0
      0.81          0          0          0
      0.82          0          0          0
      0.83          0          0          0
      0.84          0          0          0
      0.85          0          0          0
      0.86          0          0          0
      0.87          0          0          0
      0.88          0          0          0
      0.89          0          0          0
       0.9          0          0          0
      0.91          0          0          0
      0.92          0          0          0
      0.93          0          0          0
      0.94          0          0          0
      0.95          0          0          0
      0.96          0          0          0
      0.97          0          0          0
      0.98          0          0          0
      0.99          0          0          0
