         0          1   0.176689   0.300316
      0.01   0.999507   0.201964   0.336028
      0.02   0.984302   0.225583   0.367046
      0.03   0.971316     0.2027   0.335406
      0.04   0.954138   0.176829   0.298363
      0.05   0.939509   0.175569   0.295851
      0.06   0.899236   0.189244   0.312684
      0.07   0.868415   0.201279   0.326811
      0.08   0.807183    0.21983   0.345552
      0.09   0.756719   0.233499   0.356877
       0.1   0.671571   0.253888   0.368474
      0.11   0.585765   0.273548   0.372937
      0.12    0.53604   0.279912   0.367777
      0.13   0.467083   0.287287   0.355759
      0.14   0.414317   0.287226    0.33926
      0.15   0.341251   0.290402    0.31378
      0.16   0.306403   0.301479   0.303921
      0.17   0.246897   0.294654    0.26867
      0.18    0.19857   0.267971   0.228108
      0.19   0.139065   0.231439   0.173736
       0.2   0.109312    0.20744   0.143176
      0.21  0.0801348   0.181943   0.111264
      0.22  0.0613956   0.147702  0.0867369
      0.23  0.0470946   0.119332   0.067536
      0.24   0.031232  0.0822034  0.0452659
      0.25  0.0233418  0.0696864  0.0349702
      0.26    0.01389  0.0589812  0.0224849
      0.27 0.00780801   0.053442  0.0136253
      0.28 0.00739706   0.053211  0.0129885
      0.29 0.00739706   0.053654  0.0130016
       0.3 0.00690392  0.0533708  0.0122263
      0.31 0.00690392  0.0514776   0.012175
      0.32 0.00690392  0.0503388  0.0121425
      0.33 0.00657516  0.0504541  0.0116342
      0.34 0.00657516  0.0513875  0.0116586
      0.35 0.00599984  0.0515247  0.0107481
      0.36 0.00484918  0.0513369 0.00886134
      0.37 0.00443823  0.0519187 0.00817743
      0.38 0.00443823   0.051963 0.00817798
      0.39 0.00427386  0.0503145 0.00787849
       0.4 0.00410948  0.0452128 0.00753416
      0.41 0.00369853   0.035868 0.00670561
      0.42 0.00246569  0.0309951 0.00456798
      0.43 0.00164379  0.0331492 0.00313226
      0.44 0.00131503  0.0327198 0.00252845
      0.45 0.00131503  0.0347826 0.00253425
      0.46 0.00131503  0.0390244 0.00254433
      0.47 0.00131503  0.0413437 0.00254899
      0.48 0.00131503  0.0433604 0.00255265
      0.49 0.00131503  0.0457143 0.00255652
       0.5 0.00131503  0.0488599 0.00256113
      0.51 0.00131503  0.0594059 0.00257311
      0.52 0.00131503  0.0632184 0.00257647
      0.53 0.00131503    0.10101 0.00259626
      0.54 0.00123284       0.15 0.00244559
      0.55 0.000986274   0.222222 0.00196383
      0.56 0.000821895   0.318182 0.00163956
      0.57 0.000739706      0.375  0.0014765
      0.58 0.000493137   0.363636 0.000984939
      0.59          0          0          0
       0.6          0          0          0
      0.61          0          0          0
      0.62          0          0          0
      0.63          0          0          0
      0.64          0          0          0
      0.65          0          0          0
      0.66          0          0          0
      0.67          0          0          0
      0.68          0          0          0
      0.69          0          0          0
       0.7          0          0          0
      0.71          0          0          0
      0.72          0          0          0
      0.73          0          0          0
      0.74          0          0          0
      0.75          0          0          0
      0.76          0          0          0
      0.77          0          0          0
      0.78          0          0          0
      0.79          0          0          0
       0.8          0          0          0
      0.81          0          0          0
      0.82          0          0          0
      0.83          0          0          0
      0.84          0          0          0
      0.85          0          0          0
      0.86          0          0          0
      0.87          0          0          0
      0.88          0          0          0
      0.89          0          0          0
       0.9          0          0          0
      0.91          0          0          0
      0.92          0          0          0
      0.93          0          0          0
      0.94          0          0          0
      0.95          0          0          0
      0.96          0          0          0
      0.97          0          0          0
      0.98          0          0          0
      0.99          0          0          0
