         0          1   0.181029   0.306561
      0.01   0.997199   0.214443   0.352979
      0.02   0.979858   0.249408    0.39761
      0.03   0.955838   0.259293   0.407927
      0.04   0.909306    0.23636   0.375194
      0.05   0.856635   0.210228   0.337605
      0.06   0.809349   0.208537   0.331627
      0.07   0.771973   0.214379   0.335569
      0.08   0.722641   0.226267   0.344628
      0.09   0.677617   0.232847   0.346595
       0.1   0.625592   0.243968   0.351038
      0.11   0.585308   0.260953   0.360971
      0.12   0.562904    0.27736   0.371614
      0.13   0.527897   0.295439   0.378852
      0.14   0.508725   0.306823   0.382782
      0.15   0.476519    0.33039   0.390223
      0.16   0.459177   0.346277   0.394814
      0.17   0.433649     0.3696   0.399071
      0.18   0.414153   0.377095   0.394756
      0.19   0.389595   0.387084   0.388336
       0.2   0.366437     0.3876   0.376722
      0.21   0.327876   0.396441   0.358913
      0.22   0.287053   0.385446   0.329052
      0.23   0.231258    0.37037   0.284731
      0.24    0.19539   0.338946   0.247884
      0.25   0.157368   0.303454   0.207255
      0.26   0.118699    0.27307    0.16547
      0.27    0.10265   0.250513   0.145627
      0.28  0.0693667   0.223013   0.105819
      0.29   0.046424   0.187831  0.0744476
       0.3   0.029944    0.16839  0.0508462
      0.31  0.0150797   0.148208  0.0273742
      0.32  0.0141103   0.145105  0.0257196
      0.33   0.013464   0.151456  0.0247297
      0.34  0.0126023   0.153846  0.0232963
      0.35  0.0126023   0.159624  0.0233604
      0.36  0.0115252   0.153846   0.021444
      0.37  0.0109866   0.154891  0.0205179
      0.38  0.0107712   0.156977  0.0201592
      0.39  0.0096941   0.157051   0.018261
       0.4 0.00904782   0.160142  0.0171279
      0.41 0.00721672   0.150407  0.0137726
      0.42 0.00689358   0.151659  0.0131877
      0.43  0.0061396   0.148718  0.0117924
      0.44  0.0061396   0.158192  0.0118204
      0.45 0.00581646    0.15528  0.0112129
      0.46 0.00570875   0.143939  0.0109819
      0.47 0.00484705      0.144 0.00937842
      0.48 0.00463162   0.153846 0.00899252
      0.49 0.00463162   0.163265 0.00900771
       0.5  0.0035545   0.166667 0.00696056
      0.51  0.0035545   0.233333 0.00700233
      0.52 0.00344679   0.226415 0.00679021
      0.53 0.00344679   0.292683 0.00681334
      0.54 0.00344679   0.307692 0.00681721
      0.55 0.00301594    0.34375 0.00597942
      0.56 0.00258509   0.357143 0.00513303
      0.57 0.00204653   0.409091 0.00407269
      0.58 0.00204653   0.473684 0.00407546
      0.59 0.00129255     0.4375 0.00257748
       0.6 0.00129255     0.4375 0.00257748
      0.61 0.00107712        0.4 0.00214846
      0.62 0.000646273   0.333333 0.00129005
      0.63 0.000646273   0.333333 0.00129005
      0.64 0.000215424       0.25 0.000430478
      0.65 0.000215424   0.333333 0.000430571
      0.66 0.000107712        0.5 0.000215378
      0.67          0          0          0
      0.68          0          0          0
      0.69          0          0          0
       0.7          0          0          0
      0.71          0          0          0
      0.72          0          0          0
      0.73          0          0          0
      0.74          0          0          0
      0.75          0          0          0
      0.76          0          0          0
      0.77          0          0          0
      0.78          0          0          0
      0.79          0          0          0
       0.8          0          0          0
      0.81          0          0          0
      0.82          0          0          0
      0.83          0          0          0
      0.84          0          0          0
      0.85          0          0          0
      0.86          0          0          0
      0.87          0          0          0
      0.88          0          0          0
      0.89          0          0          0
       0.9          0          0          0
      0.91          0          0          0
      0.92          0          0          0
      0.93          0          0          0
      0.94          0          0          0
      0.95          0          0          0
      0.96          0          0          0
      0.97          0          0          0
      0.98          0          0          0
      0.99          0          0          0
