         0          1   0.256164   0.407851
      0.01          1    0.39962   0.571041
      0.02   0.999304   0.440031   0.611011
      0.03   0.984156    0.42914   0.597667
      0.04   0.971561   0.436892   0.602743
      0.05    0.96686   0.446142   0.610554
      0.06   0.954614   0.450944   0.612536
      0.07   0.946605   0.469974   0.628104
      0.08   0.923041   0.505846   0.653539
      0.09   0.899246   0.515702   0.655491
       0.1   0.854614   0.537807    0.66017
      0.11   0.811201   0.549255    0.65501
      0.12   0.786535   0.556439   0.651776
      0.13   0.746605   0.563861   0.642491
      0.14    0.70975   0.563003   0.627917
      0.15   0.634649   0.550037   0.589321
      0.16   0.558212   0.540497   0.549212
      0.17   0.477249   0.524463   0.499743
      0.18   0.429425   0.514558   0.468153
      0.19   0.384272   0.497456   0.433599
       0.2    0.36599   0.483662   0.416677
      0.21    0.33343   0.459168   0.386325
      0.22   0.299246   0.450202   0.359521
      0.23   0.277307   0.440344   0.340306
      0.24   0.252234   0.420499   0.315323
      0.25   0.238305   0.411061   0.301703
      0.26   0.204005   0.368134   0.262528
      0.27   0.174637   0.332043    0.22889
      0.28   0.108822   0.262561    0.15387
      0.29  0.0938479   0.241379    0.13515
       0.3  0.0691817     0.2034   0.103246
      0.31  0.0456181   0.168553  0.0718031
      0.32  0.0330238   0.152274  0.0542766
      0.33  0.0271619   0.149655  0.0459788
      0.34  0.0269878    0.15253  0.0458612
      0.35  0.0263494   0.159021   0.045208
      0.36  0.0261753   0.169002  0.0453298
      0.37  0.0260012   0.183538  0.0455495
      0.38  0.0260012   0.192308  0.0458087
      0.39  0.0258851   0.190527  0.0455779
       0.4  0.0250725   0.190315  0.0443079
      0.41  0.0250725   0.196195   0.044463
      0.42  0.0248984   0.203325  0.0443642
      0.43  0.0244922   0.200264  0.0436464
      0.44  0.0228671   0.192308  0.0408739
      0.45  0.0222287   0.190476  0.0398113
      0.46  0.0216483   0.180897   0.038669
      0.47  0.0208358   0.177099  0.0372849
      0.48  0.0201393   0.180624  0.0362381
      0.49   0.019675   0.178082   0.035435
       0.5  0.0189205   0.176471  0.0341767
      0.51  0.0187464   0.168207  0.0337332
      0.52  0.0174695   0.166979  0.0316299
      0.53  0.0172954   0.160305  0.0312222
      0.54  0.0172374   0.159309  0.0311088
      0.55  0.0170052   0.155206   0.030652
      0.56  0.0167731   0.153386  0.0302394
      0.57  0.0164829   0.139676  0.0294862
      0.58  0.0163668   0.134969  0.0291935
      0.59   0.015206   0.126294  0.0271439
       0.6    0.01509   0.122661  0.0268739
      0.61  0.0150319   0.113684  0.0265529
      0.62  0.0141613   0.104701  0.0249483
      0.63  0.0138712   0.100858  0.0243882
      0.64  0.0113175  0.0835165  0.0199337
      0.65   0.010679  0.0774336  0.0187695
      0.66 0.00789321   0.061086    0.01398
      0.67 0.00667441  0.0525114  0.0118435
      0.68 0.00533952    0.04038 0.00943186
      0.69 0.00330818  0.0226131 0.00577196
       0.7 0.00116077 0.00990099 0.00207792
      0.71          0          0          0
      0.72          0          0          0
      0.73          0          0          0
      0.74          0          0          0
      0.75          0          0          0
      0.76          0          0          0
      0.77          0          0          0
      0.78          0          0          0
      0.79          0          0          0
       0.8          0          0          0
      0.81          0          0          0
      0.82          0          0          0
      0.83          0          0          0
      0.84          0          0          0
      0.85          0          0          0
      0.86          0          0          0
      0.87          0          0          0
      0.88          0          0          0
      0.89          0          0          0
       0.9          0          0          0
      0.91          0          0          0
      0.92          0          0          0
      0.93          0          0          0
      0.94          0          0          0
      0.95          0          0          0
      0.96          0          0          0
      0.97          0          0          0
      0.98          0          0          0
      0.99          0          0          0
