         0          1   0.382258   0.553092
      0.01   0.999678   0.465593     0.6353
      0.02   0.996349   0.510234   0.674866
      0.03    0.99388   0.553185   0.710764
      0.04   0.985433   0.591346   0.739142
      0.05    0.96997   0.572881   0.720325
      0.06   0.931315   0.520116   0.667468
      0.07    0.90805   0.515501   0.657652
      0.08   0.874763   0.520406   0.652583
      0.09   0.850997   0.527595   0.651363
       0.1    0.80912   0.532668   0.642415
      0.11   0.738752   0.533847   0.619803
      0.12   0.698092   0.536497   0.606719
      0.13   0.660403   0.546635   0.598157
      0.14   0.629801   0.555814   0.590499
      0.15   0.599019   0.570069   0.584186
      0.16   0.581302   0.583384   0.582341
      0.17   0.551988   0.601728   0.575786
      0.18   0.524786   0.613397   0.565642
      0.19   0.496331   0.643382    0.56037
       0.2   0.467554   0.666306   0.549511
      0.21   0.429257   0.706627   0.534076
      0.22   0.401195   0.723987    0.51629
      0.23   0.377322   0.729621    0.49741
      0.24   0.331257   0.738339   0.457332
      0.25   0.297004   0.751186   0.425696
      0.26    0.25119   0.757286   0.377248
      0.27   0.210709   0.741591   0.328174
      0.28    0.15924   0.724113   0.261068
      0.29   0.126991    0.69697   0.214838
       0.3  0.0908766   0.662338   0.159824
      0.31  0.0711908   0.638665   0.128102
      0.32  0.0545474   0.593625  0.0999139
      0.33  0.0241598   0.528037  0.0462055
      0.34   0.022227   0.522152  0.0426389
      0.35  0.0212964   0.520968    0.04092
      0.36  0.0212964   0.521104  0.0409205
      0.37  0.0211532   0.515651  0.0406393
      0.38  0.0211532   0.514901   0.040637
      0.39  0.0208311   0.512605  0.0400353
       0.4  0.0206163   0.510204  0.0396313
      0.41  0.0203658   0.513043  0.0391764
      0.42   0.020151   0.514337  0.0387826
      0.43  0.0197215   0.510018  0.0379747
      0.44    0.01965   0.510204  0.0378424
      0.45  0.0192204   0.508475  0.0370407
      0.46  0.0185046   0.503876  0.0356982
      0.47  0.0181109   0.502947  0.0349628
      0.48  0.0174666   0.501027  0.0337564
      0.49  0.0168582        0.5  0.0326166
       0.5  0.0152117   0.491304  0.0295097
      0.51  0.0142811   0.482063  0.0277404
      0.52  0.0141379   0.482993  0.0274717
      0.53  0.0136011   0.480278   0.026453
      0.54  0.0134579   0.482436  0.0261853
      0.55     0.0131   0.485507  0.0255116
      0.56  0.0128136   0.484029  0.0249663
      0.57  0.0126705   0.476563  0.0246846
      0.58  0.0120978    0.46594  0.0235832
      0.59  0.0115609   0.442478  0.0225331
       0.6  0.0105587   0.435331  0.0206174
      0.61 0.00898386   0.423208  0.0175942
      0.62 0.00826801   0.412639  0.0162112
      0.63 0.00773113   0.399209  0.0151685
      0.64 0.00672895   0.375566   0.013221
      0.65 0.00504671   0.326203 0.00993964
      0.66 0.00336447   0.264286 0.00664436
      0.67  0.0018612   0.214286 0.00369034
      0.68 0.00121694   0.175258 0.00241709
      0.69 0.000966391   0.166667 0.00192164
       0.7 0.000608468  0.0952381 0.00120921
      0.71 0.000143169  0.0263158 0.000284789
      0.72          0          0          0
      0.73          0          0          0
      0.74          0          0          0
      0.75          0          0          0
      0.76          0          0          0
      0.77          0          0          0
      0.78          0          0          0
      0.79          0          0          0
       0.8          0          0          0
      0.81          0          0          0
      0.82          0          0          0
      0.83          0          0          0
      0.84          0          0          0
      0.85          0          0          0
      0.86          0          0          0
      0.87          0          0          0
      0.88          0          0          0
      0.89          0          0          0
       0.9          0          0          0
      0.91          0          0          0
      0.92          0          0          0
      0.93          0          0          0
      0.94          0          0          0
      0.95          0          0          0
      0.96          0          0          0
      0.97          0          0          0
      0.98          0          0          0
      0.99          0          0          0
