         0          1   0.331079    0.49746
      0.01          1    0.33573   0.502691
      0.02   0.998797   0.368305   0.538163
      0.03   0.991871   0.389006   0.558839
      0.04   0.977024   0.363221   0.529568
      0.05    0.96566   0.315574   0.475693
      0.06   0.955002   0.290969   0.446039
      0.07   0.948407   0.293919   0.448763
      0.08   0.935758   0.299444   0.453703
      0.09   0.925307   0.304658    0.45839
       0.1   0.904239   0.313789     0.4659
      0.11   0.877945   0.324709   0.474079
      0.12   0.861438   0.334414   0.481794
      0.13   0.832324   0.347383   0.490181
      0.14   0.801302   0.354743   0.491774
      0.15   0.755018   0.366914   0.493839
      0.16   0.720554   0.375023   0.493301
      0.17   0.653119    0.38995   0.488336
      0.18   0.616042   0.402602   0.486961
      0.19   0.545662   0.418608   0.473765
       0.2   0.500664    0.42947   0.462342
      0.21   0.428791   0.436521   0.432621
      0.22    0.36824    0.43376   0.398323
      0.23   0.327347    0.43107   0.372116
      0.24   0.266589   0.403379    0.32102
      0.25   0.219559   0.380474   0.278439
      0.26   0.159713   0.337095   0.216738
      0.27   0.130931   0.312324   0.184512
      0.28  0.0834025   0.275333   0.128024
      0.29  0.0676427   0.258909   0.107262
       0.3  0.0426344   0.241321  0.0724661
      0.31  0.0280358   0.221591  0.0497742
      0.32  0.0224784   0.213843  0.0406807
      0.33  0.0186214   0.223847  0.0343826
      0.34  0.0178749   0.221692  0.0330824
      0.35   0.017709   0.222506   0.032807
      0.36  0.0170869    0.22372   0.031749
      0.37  0.0165478   0.229851  0.0308729
      0.38  0.0161745   0.236508  0.0302783
      0.39  0.0140179   0.236559  0.0264674
       0.4  0.0137691   0.246183  0.0260795
      0.41  0.0132714   0.257511  0.0252419
      0.42  0.0128981   0.263285  0.0245916
      0.43  0.0121516   0.259358  0.0232155
      0.44  0.0111563   0.261398  0.0213992
      0.45   0.010866   0.253289   0.020838
      0.46 0.00812873   0.216912  0.0156702
      0.47 0.00588918        0.2  0.0114415
      0.48 0.00572329   0.206731  0.0111382
      0.49 0.00543298   0.197917  0.0105756
       0.5 0.00543298   0.205714  0.0105864
      0.51 0.00518414   0.198758  0.0101047
      0.52 0.00460352   0.175325 0.00897147
      0.53 0.00460352   0.172414  0.0089676
      0.54 0.00398142    0.15942 0.00776882
      0.55 0.00311048   0.137097 0.00608296
      0.56 0.00265428   0.134454 0.00520579
      0.57 0.00190776   0.101852 0.00374537
      0.58 0.00174187  0.0721649 0.00340164
      0.59 0.000622097   0.047619 0.00122815
       0.6          0          0          0
      0.61          0          0          0
      0.62          0          0          0
      0.63          0          0          0
      0.64          0          0          0
      0.65          0          0          0
      0.66          0          0          0
      0.67          0          0          0
      0.68          0          0          0
      0.69          0          0          0
       0.7          0          0          0
      0.71          0          0          0
      0.72          0          0          0
      0.73          0          0          0
      0.74          0          0          0
      0.75          0          0          0
      0.76          0          0          0
      0.77          0          0          0
      0.78          0          0          0
      0.79          0          0          0
       0.8          0          0          0
      0.81          0          0          0
      0.82          0          0          0
      0.83          0          0          0
      0.84          0          0          0
      0.85          0          0          0
      0.86          0          0          0
      0.87          0          0          0
      0.88          0          0          0
      0.89          0          0          0
       0.9          0          0          0
      0.91          0          0          0
      0.92          0          0          0
      0.93          0          0          0
      0.94          0          0          0
      0.95          0          0          0
      0.96          0          0          0
      0.97          0          0          0
      0.98          0          0          0
      0.99          0          0          0
