         0          1   0.339259   0.506637
      0.01    0.99741   0.541711     0.7021
      0.02   0.986973   0.534001   0.693036
      0.03    0.95976   0.537614   0.689181
      0.04   0.918013   0.691952   0.789111
      0.05   0.886394   0.710745    0.78891
      0.06   0.837031   0.712539   0.769784
      0.07   0.808813   0.705685   0.753738
      0.08   0.765017   0.700539    0.73136
      0.09    0.72671   0.699111   0.712644
       0.1   0.673521   0.688625   0.680989
      0.11   0.621685   0.678923   0.649044
      0.12   0.577928   0.662346   0.617264
      0.13   0.490414   0.621216   0.548119
      0.14   0.393815   0.557114   0.461443
      0.15   0.251681   0.462062   0.325866
      0.16    0.19281   0.407009   0.261664
      0.17   0.122381   0.327712   0.178211
      0.18  0.0958639   0.298119   0.145077
      0.19  0.0741013   0.254308   0.114763
       0.2  0.0594511   0.230519  0.0945243
      0.21   0.043564   0.203399  0.0717587
      0.22  0.0363355   0.187318  0.0608647
      0.23  0.0297642   0.169157  0.0506213
      0.24  0.0271357   0.159271  0.0463709
      0.25  0.0252802   0.149631  0.0432529
      0.26  0.0180905   0.132325  0.0318294
      0.27  0.0176652   0.127538  0.0310322
      0.28  0.0155779   0.118328  0.0275313
      0.29  0.0146115   0.111616  0.0258403
       0.3  0.0138384   0.106815  0.0245024
      0.31  0.0117897  0.0966023  0.0210147
      0.32  0.0108233  0.0901695  0.0193268
      0.33 0.00950908       0.08  0.0169978
      0.34 0.00834944  0.0785714  0.0150948
      0.35 0.00510244  0.0525188 0.00930122
      0.36 0.00166216  0.0311958 0.00315615
      0.37 0.000231929  0.0192308 0.00045833
      0.38          0          0          0
      0.39          0          0          0
       0.4          0          0          0
      0.41          0          0          0
      0.42          0          0          0
      0.43          0          0          0
      0.44          0          0          0
      0.45          0          0          0
      0.46          0          0          0
      0.47          0          0          0
      0.48          0          0          0
      0.49          0          0          0
       0.5          0          0          0
      0.51          0          0          0
      0.52          0          0          0
      0.53          0          0          0
      0.54          0          0          0
      0.55          0          0          0
      0.56          0          0          0
      0.57          0          0          0
      0.58          0          0          0
      0.59          0          0          0
       0.6          0          0          0
      0.61          0          0          0
      0.62          0          0          0
      0.63          0          0          0
      0.64          0          0          0
      0.65          0          0          0
      0.66          0          0          0
      0.67          0          0          0
      0.68          0          0          0
      0.69          0          0          0
       0.7          0          0          0
      0.71          0          0          0
      0.72          0          0          0
      0.73          0          0          0
      0.74          0          0          0
      0.75          0          0          0
      0.76          0          0          0
      0.77          0          0          0
      0.78          0          0          0
      0.79          0          0          0
       0.8          0          0          0
      0.81          0          0          0
      0.82          0          0          0
      0.83          0          0          0
      0.84          0          0          0
      0.85          0          0          0
      0.86          0          0          0
      0.87          0          0          0
      0.88          0          0          0
      0.89          0          0          0
       0.9          0          0          0
      0.91          0          0          0
      0.92          0          0          0
      0.93          0          0          0
      0.94          0          0          0
      0.95          0          0          0
      0.96          0          0          0
      0.97          0          0          0
      0.98          0          0          0
      0.99          0          0          0
