         0          1   0.310743   0.474148
      0.01   0.999318    0.39291   0.564048
      0.02   0.997834   0.511063   0.675932
      0.03   0.991377   0.477139   0.644221
      0.04   0.974251   0.393496   0.560577
      0.05   0.960735   0.364334   0.528317
      0.06     0.9402    0.37523   0.536389
      0.07   0.927405   0.408506    0.56718
      0.08   0.907632   0.453701   0.604986
      0.09   0.896162   0.487305   0.631319
       0.1   0.872538   0.533325   0.662008
      0.11   0.842017   0.579046     0.6862
      0.12    0.81334   0.595436   0.687535
      0.13   0.764288   0.605798   0.675876
      0.14   0.717162   0.601493   0.654254
      0.15   0.666266   0.596781   0.629612
      0.16   0.625597   0.592903   0.608811
      0.17   0.573377   0.573913   0.573645
      0.18   0.520956   0.561899   0.540654
      0.19   0.477961   0.541629   0.507807
       0.2   0.443148   0.518506   0.477874
      0.21    0.37324   0.477108    0.41883
      0.22    0.29122    0.42713   0.346318
      0.23   0.257249   0.397621   0.312391
      0.24   0.194842   0.338332   0.247279
      0.25   0.158826   0.302625    0.20832
      0.26   0.113544   0.240821   0.154326
      0.27  0.0888381   0.211355   0.125095
      0.28  0.0590382   0.172577   0.087979
      0.29  0.0471664   0.156212  0.0724557
       0.3  0.0322464   0.134532  0.0520232
      0.31   0.015682   0.116117  0.0276322
      0.32  0.0117114   0.114173  0.0212437
      0.33 0.00862311   0.114112  0.0160345
      0.34 0.00862311   0.113976  0.0160332
      0.35 0.00818193   0.113777   0.015266
      0.36 0.00818193    0.11395  0.0152676
      0.37 0.00782096   0.114525   0.014642
      0.38 0.00782096   0.115685  0.0146514
      0.39 0.00754021   0.116836  0.0141662
       0.4 0.00733967   0.118782  0.0138251
      0.41 0.00709903   0.118098   0.013393
      0.42 0.00673806   0.118836   0.012753
      0.43 0.00653752   0.120603  0.0124027
      0.44 0.00629688   0.126364   0.011996
      0.45 0.00625677   0.134446  0.0119571
      0.46 0.00581559   0.143341  0.0111777
      0.47 0.00569526   0.151515  0.0109779
      0.48 0.00497333   0.160214 0.00964719
      0.49 0.00381021   0.153623 0.00743599
       0.5    0.00373   0.156391 0.00728621
      0.51 0.00356957   0.159875 0.00698322
      0.52 0.00336903   0.157643 0.00659707
      0.53 0.00336903   0.157724 0.00659714
      0.54 0.00316849   0.153213 0.00620859
      0.55 0.00316849   0.155932 0.00621078
      0.56 0.00316849   0.157265 0.00621183
      0.57 0.00316849   0.157534 0.00621204
      0.58 0.00316849   0.157439 0.00621197
      0.59 0.00316849   0.158261  0.0062126
       0.6 0.00316849   0.161062 0.00621472
      0.61 0.00316849   0.169922 0.00622098
      0.62 0.00316849   0.208333 0.00624205
      0.63 0.00316849   0.234899 0.00625264
      0.64 0.00224602   0.181395  0.0044371
      0.65 0.00096258   0.091954 0.00190522
      0.66 0.00016043  0.0252101 0.000318831
      0.67 0.00016043  0.0172414 0.000317902
      0.68          0          0          0
      0.69          0          0          0
       0.7          0          0          0
      0.71          0          0          0
      0.72          0          0          0
      0.73          0          0          0
      0.74          0          0          0
      0.75          0          0          0
      0.76          0          0          0
      0.77          0          0          0
      0.78          0          0          0
      0.79          0          0          0
       0.8          0          0          0
      0.81          0          0          0
      0.82          0          0          0
      0.83          0          0          0
      0.84          0          0          0
      0.85          0          0          0
      0.86          0          0          0
      0.87          0          0          0
      0.88          0          0          0
      0.89          0          0          0
       0.9          0          0          0
      0.91          0          0          0
      0.92          0          0          0
      0.93          0          0          0
      0.94          0          0          0
      0.95          0          0          0
      0.96          0          0          0
      0.97          0          0          0
      0.98          0          0          0
      0.99          0          0          0
