         0          1   0.171113   0.292223
      0.01          1   0.212862   0.351007
      0.02   0.997238   0.255878   0.407259
      0.03   0.991998   0.202527   0.336379
      0.04   0.980949   0.158464   0.272851
      0.05   0.968851   0.159409   0.273774
      0.06    0.93313   0.175148   0.294936
      0.07   0.903886   0.198661   0.325731
      0.08    0.86045   0.251211   0.388886
      0.09   0.833206   0.297143   0.438062
       0.1    0.79358   0.367933   0.502766
      0.11    0.73976   0.419238   0.535179
      0.12   0.704229   0.437458   0.539676
      0.13   0.644789   0.439107   0.522433
      0.14   0.566965   0.422815   0.484393
      0.15   0.451515   0.390062   0.418544
      0.16    0.39036   0.367921   0.378809
      0.17    0.31968   0.334646   0.326992
      0.18   0.290722   0.314994   0.302372
      0.19   0.235092   0.278137   0.254809
       0.2    0.20823   0.251697    0.22791
      0.21   0.158316   0.214583   0.182204
      0.22   0.132692   0.183796   0.154118
      0.23   0.117737   0.167499   0.138277
      0.24   0.106306    0.15683   0.126717
      0.25   0.100876    0.14966   0.120519
      0.26  0.0934464   0.138745   0.111677
      0.27  0.0772528   0.119623  0.0938786
      0.28  0.0542008  0.0933828  0.0685906
      0.29  0.0429606   0.084436  0.0569469
       0.3  0.0339112  0.0731238  0.0463347
      0.31  0.0250524  0.0638436  0.0359844
      0.32  0.0240998  0.0602094  0.0344218
      0.33  0.0139074  0.0504983  0.0218086
      0.34  0.0139074   0.049867  0.0217492
      0.35  0.0139074  0.0491252  0.0216778
      0.36  0.0133359  0.0487475  0.0209425
      0.37  0.0131454  0.0478142  0.0206214
      0.38  0.0129548  0.0481172  0.0204136
      0.39  0.0123833  0.0467626  0.0195813
       0.4  0.0123833   0.045388  0.0194579
      0.41   0.011526  0.0442748  0.0182905
      0.42   0.011145  0.0415361  0.0175744
      0.43  0.0105734   0.040032  0.0167285
      0.44  0.0105734  0.0405965  0.0167772
      0.45  0.0105734   0.040245   0.016747
      0.46  0.0103829   0.042654  0.0167006
      0.47  0.0103829  0.0452716  0.0168918
      0.48 0.00962088  0.0461538  0.0159226
      0.49 0.00962088  0.0480657  0.0160326
       0.5  0.0091446  0.0438247  0.0151318
      0.51 0.00838255  0.0401722  0.0138707
      0.52 0.00781101  0.0386905  0.0129979
      0.53  0.0076205  0.0376176  0.0126736
      0.54 0.00676319  0.0366667    0.01142
      0.55 0.00676319  0.0376984  0.0114688
      0.56 0.00676319  0.0452381  0.0117672
      0.57 0.00657268  0.0573248  0.0117932
      0.58 0.00571537  0.0588235  0.0104185
      0.59 0.00533435  0.0717703  0.0099306
       0.6 0.00495332  0.0674157 0.00922858
      0.61 0.00409602  0.0740741 0.00776278
      0.62  0.0030482  0.0727273 0.00585116
      0.63 0.00247666   0.116667 0.00485036
      0.64 0.00180987       0.12 0.00356595
      0.65 0.000857306       0.25 0.00170875
      0.66          0          0          0
      0.67          0          0          0
      0.68          0          0          0
      0.69          0          0          0
       0.7          0          0          0
      0.71          0          0          0
      0.72          0          0          0
      0.73          0          0          0
      0.74          0          0          0
      0.75          0          0          0
      0.76          0          0          0
      0.77          0          0          0
      0.78          0          0          0
      0.79          0          0          0
       0.8          0          0          0
      0.81          0          0          0
      0.82          0          0          0
      0.83          0          0          0
      0.84          0          0          0
      0.85          0          0          0
      0.86          0          0          0
      0.87          0          0          0
      0.88          0          0          0
      0.89          0          0          0
       0.9          0          0          0
      0.91          0          0          0
      0.92          0          0          0
      0.93          0          0          0
      0.94          0          0          0
      0.95          0          0          0
      0.96          0          0          0
      0.97          0          0          0
      0.98          0          0          0
      0.99          0          0          0
