         0          1   0.216663    0.35616
      0.01          1   0.542227   0.703174
      0.02   0.999366   0.658739   0.794065
      0.03   0.997509   0.695215   0.819369
      0.04    0.99615   0.691779   0.816522
      0.05   0.991938   0.628349   0.769349
      0.06   0.986322   0.635348   0.772855
      0.07   0.978578   0.637629   0.772141
      0.08   0.972101   0.644162   0.774863
      0.09   0.969158   0.651233   0.779007
       0.1   0.964764   0.664296   0.786821
      0.11   0.957473   0.676076   0.792537
      0.12   0.948777   0.683172    0.79436
      0.13   0.943071   0.701943   0.804834
      0.14    0.93587    0.70858   0.806517
      0.15    0.91404   0.712342   0.800684
      0.16   0.890217   0.710342   0.790172
      0.17   0.840489    0.69808   0.762694
      0.18   0.803034   0.688432    0.74133
      0.19   0.765851   0.679254   0.719958
       0.2   0.751313   0.673022   0.710016
      0.21    0.70788    0.65603    0.68097
      0.22    0.64529    0.62964   0.637369
      0.23   0.602038   0.611427   0.606696
      0.24   0.527944   0.575475   0.550686
      0.25   0.468025   0.547026   0.504451
      0.26   0.388451   0.487952   0.432553
      0.27    0.29298   0.415054   0.343493
      0.28   0.157428   0.283755   0.202505
      0.29   0.111413   0.234331   0.151022
       0.3   0.057654   0.171271   0.086268
      0.31   0.029846   0.123127  0.0480457
      0.32  0.0251359   0.117763   0.041429
      0.33  0.0250453   0.114058  0.0410719
      0.34  0.0247283   0.111408   0.040473
      0.35  0.0245924   0.108272   0.040081
      0.36  0.0242754   0.106153  0.0395144
      0.37   0.023596   0.102951  0.0383926
      0.38  0.0234149   0.101801  0.0380727
      0.39  0.0230525  0.0979563  0.0373219
       0.4  0.0226449  0.0975089  0.0367543
      0.41  0.0220109  0.0966811  0.0358581
      0.42  0.0208786  0.0911787   0.033977
      0.43  0.0205616  0.0889894  0.0334048
      0.44  0.0197464  0.0837209  0.0319557
      0.45  0.0191576  0.0800317  0.0309149
      0.46  0.0176178  0.0737705  0.0284428
      0.47  0.0167572  0.0689076  0.0269586
      0.48  0.0151268   0.064204  0.0244849
      0.49  0.0128623  0.0598368  0.0211733
       0.5  0.0106884  0.0556622  0.0179332
      0.51 0.00923913  0.0534979   0.015757
      0.52 0.00742754    0.05131  0.0129766
      0.53 0.00543478  0.0472542 0.00974839
      0.54 0.00434783  0.0431849 0.00790026
      0.55 0.00280797  0.0394537  0.0052428
      0.56 0.00258152   0.039604 0.00484709
      0.57 0.00226449  0.0306306 0.00421721
      0.58 0.00163043    0.03125 0.00309917
      0.59 0.000226449  0.0740741 0.000451518
       0.6          0          0          0
      0.61          0          0          0
      0.62          0          0          0
      0.63          0          0          0
      0.64          0          0          0
      0.65          0          0          0
      0.66          0          0          0
      0.67          0          0          0
      0.68          0          0          0
      0.69          0          0          0
       0.7          0          0          0
      0.71          0          0          0
      0.72          0          0          0
      0.73          0          0          0
      0.74          0          0          0
      0.75          0          0          0
      0.76          0          0          0
      0.77          0          0          0
      0.78          0          0          0
      0.79          0          0          0
       0.8          0          0          0
      0.81          0          0          0
      0.82          0          0          0
      0.83          0          0          0
      0.84          0          0          0
      0.85          0          0          0
      0.86          0          0          0
      0.87          0          0          0
      0.88          0          0          0
      0.89          0          0          0
       0.9          0          0          0
      0.91          0          0          0
      0.92          0          0          0
      0.93          0          0          0
      0.94          0          0          0
      0.95          0          0          0
      0.96          0          0          0
      0.97          0          0          0
      0.98          0          0          0
      0.99          0          0          0
