         0          1   0.214804   0.353644
      0.01    0.98858   0.479122   0.645431
      0.02   0.957229   0.625976   0.756949
      0.03   0.934015   0.604451   0.733934
      0.04   0.879824   0.546167    0.67396
      0.05   0.847205   0.538886   0.658755
      0.06   0.790401   0.530271   0.634717
      0.07   0.760319    0.53195   0.625956
      0.08   0.723968   0.575545    0.64128
      0.09   0.681944   0.582153    0.62811
       0.1   0.617825   0.591124   0.604179
      0.11   0.545271   0.581412   0.562762
      0.12   0.507502   0.576162   0.539657
      0.13   0.434724   0.578407   0.496377
      0.14   0.393745   0.582781   0.469966
      0.15   0.330223    0.57849   0.420443
      0.16   0.300888   0.585492   0.397499
      0.17   0.253863   0.598492   0.356506
      0.18   0.240949   0.615721   0.346359
      0.19   0.211316    0.66369   0.320565
       0.2   0.197283   0.723164   0.309997
      0.21   0.159588   0.715962   0.260999
      0.22   0.107114   0.680272   0.185084
      0.23   0.093827   0.735849   0.166432
      0.24  0.0584459    0.87156   0.109546
      0.25  0.0445622   0.965116  0.0851909
      0.26  0.0323207          1  0.0626175
      0.27  0.0309024          1  0.0599522
      0.28  0.0200791          1  0.0393678
      0.29  0.0191088          1  0.0375009
       0.3  0.0117937          1  0.0233124
      0.31 0.00746436          1  0.0148181
      0.32 0.00455326          1 0.00906524
      0.33          0          0          0
      0.34          0          0          0
      0.35          0          0          0
      0.36          0          0          0
      0.37          0          0          0
      0.38          0          0          0
      0.39          0          0          0
       0.4          0          0          0
      0.41          0          0          0
      0.42          0          0          0
      0.43          0          0          0
      0.44          0          0          0
      0.45          0          0          0
      0.46          0          0          0
      0.47          0          0          0
      0.48          0          0          0
      0.49          0          0          0
       0.5          0          0          0
      0.51          0          0          0
      0.52          0          0          0
      0.53          0          0          0
      0.54          0          0          0
      0.55          0          0          0
      0.56          0          0          0
      0.57          0          0          0
      0.58          0          0          0
      0.59          0          0          0
       0.6          0          0          0
      0.61          0          0          0
      0.62          0          0          0
      0.63          0          0          0
      0.64          0          0          0
      0.65          0          0          0
      0.66          0          0          0
      0.67          0          0          0
      0.68          0          0          0
      0.69          0          0          0
       0.7          0          0          0
      0.71          0          0          0
      0.72          0          0          0
      0.73          0          0          0
      0.74          0          0          0
      0.75          0          0          0
      0.76          0          0          0
      0.77          0          0          0
      0.78          0          0          0
      0.79          0          0          0
       0.8          0          0          0
      0.81          0          0          0
      0.82          0          0          0
      0.83          0          0          0
      0.84          0          0          0
      0.85          0          0          0
      0.86          0          0          0
      0.87          0          0          0
      0.88          0          0          0
      0.89          0          0          0
       0.9          0          0          0
      0.91          0          0          0
      0.92          0          0          0
      0.93          0          0          0
      0.94          0          0          0
      0.95          0          0          0
      0.96          0          0          0
      0.97          0          0          0
      0.98          0          0          0
      0.99          0          0          0
