         0          1   0.406617   0.578148
      0.01   0.996908   0.529501   0.691641
      0.02   0.978793   0.514598   0.674552
      0.03   0.961709   0.501413   0.659157
      0.04     0.8925   0.559589   0.687883
      0.05   0.832091   0.577429   0.681755
      0.06   0.750832   0.588624   0.659907
      0.07   0.688996   0.587351   0.634126
      0.08   0.606865   0.588171   0.597372
      0.09   0.552521   0.583437   0.567558
       0.1   0.464286   0.572617   0.512792
      0.11   0.372245   0.543953   0.442009
      0.12   0.307872   0.517792   0.386147
      0.13   0.249247   0.459613   0.323215
      0.14   0.206556   0.412505   0.275273
      0.15   0.142936   0.343425   0.201858
      0.16   0.108332   0.297945   0.158892
      0.17  0.0718646   0.235803   0.110157
      0.18  0.0534327   0.195776  0.0839525
      0.19  0.0362692   0.158873  0.0590564
       0.2  0.0266767   0.140394  0.0448343
      0.21   0.019185    0.13125  0.0334767
      0.22  0.0181544   0.127284  0.0317766
      0.23  0.0157761    0.11885  0.0278548
      0.24  0.0124861   0.116037  0.0225462
      0.25  0.0114952    0.11148  0.0208413
      0.26 0.00876011   0.104437  0.0161644
      0.27 0.00864119   0.100348  0.0159122
      0.28 0.00804661  0.0880411  0.0147455
      0.29 0.00733312   0.085319  0.0135055
       0.3 0.00697638  0.0764174  0.0127855
      0.31 0.00606469  0.0630473   0.011065
      0.32 0.00543047  0.0583255 0.00993586
      0.33 0.00539084  0.0690827  0.0100012
      0.34  0.0048359  0.0724638 0.00906672
      0.35 0.00459807  0.0874587  0.0087368
      0.36 0.00447915   0.094518 0.00855298
      0.37 0.00376566   0.104408 0.00726914
      0.38 0.00269542   0.122388 0.00527467
      0.39 0.00241795   0.176744 0.00477063
       0.4 0.00233867        0.2 0.00462328
      0.41 0.00233867   0.195946 0.00462218
      0.42 0.00229903   0.164179 0.00453457
      0.43 0.00158554   0.132231 0.00313351
      0.44 0.00107024   0.126214 0.00212248
      0.45 0.00107024   0.142857 0.00212456
      0.46 0.00107024   0.171429  0.0021272
      0.47 0.000753131   0.234043 0.00150143
      0.48 0.000198192   0.266667 0.000396091
      0.49          0          0          0
       0.5          0          0          0
      0.51          0          0          0
      0.52          0          0          0
      0.53          0          0          0
      0.54          0          0          0
      0.55          0          0          0
      0.56          0          0          0
      0.57          0          0          0
      0.58          0          0          0
      0.59          0          0          0
       0.6          0          0          0
      0.61          0          0          0
      0.62          0          0          0
      0.63          0          0          0
      0.64          0          0          0
      0.65          0          0          0
      0.66          0          0          0
      0.67          0          0          0
      0.68          0          0          0
      0.69          0          0          0
       0.7          0          0          0
      0.71          0          0          0
      0.72          0          0          0
      0.73          0          0          0
      0.74          0          0          0
      0.75          0          0          0
      0.76          0          0          0
      0.77          0          0          0
      0.78          0          0          0
      0.79          0          0          0
       0.8          0          0          0
      0.81          0          0          0
      0.82          0          0          0
      0.83          0          0          0
      0.84          0          0          0
      0.85          0          0          0
      0.86          0          0          0
      0.87          0          0          0
      0.88          0          0          0
      0.89          0          0          0
       0.9          0          0          0
      0.91          0          0          0
      0.92          0          0          0
      0.93          0          0          0
      0.94          0          0          0
      0.95          0          0          0
      0.96          0          0          0
      0.97          0          0          0
      0.98          0          0          0
      0.99          0          0          0
