         0          1   0.374026   0.544424
      0.01   0.952511   0.417184   0.580235
      0.02   0.894238   0.435806   0.586017
      0.03   0.859858   0.388511   0.535201
      0.04   0.824286   0.354031   0.495321
      0.05    0.80224    0.34369   0.481219
      0.06   0.771972    0.35691   0.488137
      0.07    0.75928   0.370051   0.497591
      0.08   0.729131   0.397293   0.514333
      0.09   0.699696   0.409445   0.516592
       0.1   0.639337   0.425027   0.510606
      0.11    0.57737   0.446692   0.503693
      0.12   0.527379   0.457565   0.489997
      0.13   0.426801   0.470484   0.447579
      0.14   0.365548   0.468641   0.410724
      0.15    0.28946   0.468143    0.35773
      0.16   0.234285   0.469145   0.312507
      0.17   0.172794   0.473573   0.253201
      0.18   0.150033   0.466194   0.227009
      0.19     0.1203   0.451535   0.189984
       0.2  0.0965262   0.432383    0.15782
      0.21  0.0845498    0.42542   0.141064
      0.22  0.0721563   0.407583   0.122607
      0.23  0.0641125   0.394057   0.110282
      0.24  0.0556516   0.355283  0.0962297
      0.25  0.0463564   0.294425  0.0801012
      0.26  0.0269916   0.185841   0.047137
      0.27  0.0174581   0.132275  0.0308452
      0.28 0.00738843  0.0690789  0.0133491
      0.29 0.00274087  0.0433071 0.00515545
       0.3 0.00119168  0.0310881 0.00229538
      0.31          0          0          0
      0.32          0          0          0
      0.33          0          0          0
      0.34          0          0          0
      0.35          0          0          0
      0.36          0          0          0
      0.37          0          0          0
      0.38          0          0          0
      0.39          0          0          0
       0.4          0          0          0
      0.41          0          0          0
      0.42          0          0          0
      0.43          0          0          0
      0.44          0          0          0
      0.45          0          0          0
      0.46          0          0          0
      0.47          0          0          0
      0.48          0          0          0
      0.49          0          0          0
       0.5          0          0          0
      0.51          0          0          0
      0.52          0          0          0
      0.53          0          0          0
      0.54          0          0          0
      0.55          0          0          0
      0.56          0          0          0
      0.57          0          0          0
      0.58          0          0          0
      0.59          0          0          0
       0.6          0          0          0
      0.61          0          0          0
      0.62          0          0          0
      0.63          0          0          0
      0.64          0          0          0
      0.65          0          0          0
      0.66          0          0          0
      0.67          0          0          0
      0.68          0          0          0
      0.69          0          0          0
       0.7          0          0          0
      0.71          0          0          0
      0.72          0          0          0
      0.73          0          0          0
      0.74          0          0          0
      0.75          0          0          0
      0.76          0          0          0
      0.77          0          0          0
      0.78          0          0          0
      0.79          0          0          0
       0.8          0          0          0
      0.81          0          0          0
      0.82          0          0          0
      0.83          0          0          0
      0.84          0          0          0
      0.85          0          0          0
      0.86          0          0          0
      0.87          0          0          0
      0.88          0          0          0
      0.89          0          0          0
       0.9          0          0          0
      0.91          0          0          0
      0.92          0          0          0
      0.93          0          0          0
      0.94          0          0          0
      0.95          0          0          0
      0.96          0          0          0
      0.97          0          0          0
      0.98          0          0          0
      0.99          0          0          0
