         0          1   0.298178   0.459379
      0.01   0.998727   0.370975   0.540998
      0.02   0.984248   0.418211   0.587002
      0.03   0.963352    0.35823   0.522256
      0.04   0.937258   0.322607   0.479997
      0.05   0.921347   0.325809   0.481389
      0.06   0.892071   0.353255   0.506098
      0.07   0.850597   0.390458   0.535226
      0.08   0.785839   0.443551   0.567045
      0.09   0.723044   0.472148   0.571262
       0.1    0.62567   0.495731   0.553172
      0.11   0.550729   0.510281   0.529734
      0.12   0.502678   0.509578   0.506105
      0.13   0.426306   0.503878   0.461857
      0.14   0.376134   0.491124   0.426006
      0.15   0.329621   0.473164   0.388559
      0.16   0.289737   0.435838   0.348079
      0.17   0.253355   0.390459   0.307308
      0.18   0.225829   0.357889    0.27692
      0.19   0.199735   0.363636   0.257844
       0.2   0.188173   0.374483   0.250482
      0.21   0.166534   0.387869    0.23302
      0.22   0.150835   0.393578    0.21809
      0.23   0.141554    0.39801   0.208835
      0.24   0.123999    0.38895   0.188048
      0.25   0.113445   0.382318   0.174971
      0.26  0.0827897   0.360947   0.134687
      0.27  0.0739857   0.361158   0.122812
      0.28  0.0381862   0.252551  0.0663414
      0.29  0.0140016   0.169675  0.0258685
       0.3 0.00795545   0.150943  0.0151143
      0.31 0.00127287   0.134146 0.00252182
      0.32 0.00106073   0.176471 0.00210878
      0.33 0.00106073   0.225806 0.00211153
      0.34 0.00106073   0.217391 0.00211115
      0.35 0.000636436   0.307692 0.00127024
      0.36 0.000424291   0.272727 0.000847263
      0.37 0.000212145   0.333333 0.000424021
      0.38 0.000212145       0.25 0.000423931
      0.39          0          0          0
       0.4          0          0          0
      0.41          0          0          0
      0.42          0          0          0
      0.43          0          0          0
      0.44          0          0          0
      0.45          0          0          0
      0.46          0          0          0
      0.47          0          0          0
      0.48          0          0          0
      0.49          0          0          0
       0.5          0          0          0
      0.51          0          0          0
      0.52          0          0          0
      0.53          0          0          0
      0.54          0          0          0
      0.55          0          0          0
      0.56          0          0          0
      0.57          0          0          0
      0.58          0          0          0
      0.59          0          0          0
       0.6          0          0          0
      0.61          0          0          0
      0.62          0          0          0
      0.63          0          0          0
      0.64          0          0          0
      0.65          0          0          0
      0.66          0          0          0
      0.67          0          0          0
      0.68          0          0          0
      0.69          0          0          0
       0.7          0          0          0
      0.71          0          0          0
      0.72          0          0          0
      0.73          0          0          0
      0.74          0          0          0
      0.75          0          0          0
      0.76          0          0          0
      0.77          0          0          0
      0.78          0          0          0
      0.79          0          0          0
       0.8          0          0          0
      0.81          0          0          0
      0.82          0          0          0
      0.83          0          0          0
      0.84          0          0          0
      0.85          0          0          0
      0.86          0          0          0
      0.87          0          0          0
      0.88          0          0          0
      0.89          0          0          0
       0.9          0          0          0
      0.91          0          0          0
      0.92          0          0          0
      0.93          0          0          0
      0.94          0          0          0
      0.95          0          0          0
      0.96          0          0          0
      0.97          0          0          0
      0.98          0          0          0
      0.99          0          0          0
