         0          1    0.48887   0.656699
      0.01   0.998753   0.609291   0.756859
      0.02   0.988582   0.675924   0.802889
      0.03   0.977116   0.602134   0.745107
      0.04   0.962373   0.557942   0.706365
      0.05   0.948193   0.584978   0.723562
      0.06   0.910713   0.639557   0.751421
      0.07    0.88091   0.685243   0.770854
      0.08   0.837832   0.747833   0.790279
      0.09   0.813823   0.785443   0.799382
       0.1   0.763117   0.825906   0.793271
      0.11    0.69647   0.851048   0.766038
      0.12    0.64525   0.863349   0.738534
      0.13   0.557968   0.880356   0.683032
      0.14   0.505305   0.884236   0.643103
      0.15   0.399809   0.872327   0.548313
      0.16   0.340986   0.857946   0.488013
      0.17   0.250306    0.84221   0.385916
      0.18   0.197765   0.827944   0.319269
      0.19   0.141998   0.802937   0.241319
       0.2   0.117109   0.787004    0.20388
      0.21  0.0900689   0.759439   0.161039
      0.22  0.0758643   0.744516   0.137698
      0.23  0.0593858   0.737952   0.109926
      0.24  0.0456701   0.730216  0.0859638
      0.25   0.036673   0.719008  0.0697866
      0.26  0.0313432   0.740196  0.0601398
      0.27  0.0265513   0.737569  0.0512574
      0.28  0.0216615   0.729452  0.0420737
      0.29  0.0199746   0.745098  0.0389062
       0.3  0.0160872   0.742574  0.0314922
      0.31  0.0104151   0.689441  0.0205203
      0.32 0.00779913   0.643939  0.0154116
      0.33 0.00393624   0.584906 0.00781985
      0.34  0.0036184   0.568627 0.00719105
      0.35 0.00198034   0.511628 0.00394542
      0.36 0.00173586   0.487805  0.0034594
      0.37 0.00134468   0.452055 0.00268138
      0.38 0.00134468   0.450704 0.00268136
      0.39 0.00122243   0.383333  0.0024371
       0.4 0.000977947   0.363636 0.00195065
      0.41 0.000880153   0.326923 0.00175558
      0.42 0.000660114   0.270833 0.00131702
      0.43 0.000537871   0.244444 0.00107338
      0.44 0.000513422   0.238095 0.00102464
      0.45 0.000440076      0.225 0.000878434
      0.46 0.000415628   0.222222 0.000829703
      0.47 0.000391179   0.241379 0.000781092
      0.48 0.00036673   0.461538 0.000732878
      0.49 0.000317833        0.5 0.000635262
       0.5 0.000293384        0.8 0.000586553
      0.51 0.000244487          1 0.000488854
      0.52 0.000122243          1 0.000244457
      0.53          0          0          0
      0.54          0          0          0
      0.55          0          0          0
      0.56          0          0          0
      0.57          0          0          0
      0.58          0          0          0
      0.59          0          0          0
       0.6          0          0          0
      0.61          0          0          0
      0.62          0          0          0
      0.63          0          0          0
      0.64          0          0          0
      0.65          0          0          0
      0.66          0          0          0
      0.67          0          0          0
      0.68          0          0          0
      0.69          0          0          0
       0.7          0          0          0
      0.71          0          0          0
      0.72          0          0          0
      0.73          0          0          0
      0.74          0          0          0
      0.75          0          0          0
      0.76          0          0          0
      0.77          0          0          0
      0.78          0          0          0
      0.79          0          0          0
       0.8          0          0          0
      0.81          0          0          0
      0.82          0          0          0
      0.83          0          0          0
      0.84          0          0          0
      0.85          0          0          0
      0.86          0          0          0
      0.87          0          0          0
      0.88          0          0          0
      0.89          0          0          0
       0.9          0          0          0
      0.91          0          0          0
      0.92          0          0          0
      0.93          0          0          0
      0.94          0          0          0
      0.95          0          0          0
      0.96          0          0          0
      0.97          0          0          0
      0.98          0          0          0
      0.99          0          0          0
