         0          1   0.289124   0.448559
      0.01   0.995248   0.432055   0.602538
      0.02   0.986666   0.503372   0.666641
      0.03   0.973041   0.483771   0.646246
      0.04   0.957089    0.42157   0.585322
      0.05   0.949767   0.396986   0.559931
      0.06   0.938227   0.430049   0.589769
      0.07   0.926396   0.464239   0.618522
      0.08   0.904868    0.52977   0.668283
      0.09   0.885085   0.569587   0.693122
       0.1   0.857205    0.60187   0.707196
      0.11   0.812742   0.619927    0.70336
      0.12   0.791554   0.625656   0.698895
      0.13   0.756594   0.639246   0.692987
      0.14   0.736181   0.644832   0.687485
      0.15   0.689585   0.648453   0.668387
      0.16   0.637122   0.644444   0.640762
      0.17   0.556197   0.633796   0.592466
      0.18   0.506012   0.634036   0.562836
      0.19   0.453307   0.621876   0.524377
       0.2    0.40482   0.605983   0.485384
      0.21    0.34135   0.584032   0.430869
      0.22   0.225562   0.527679   0.316033
      0.23   0.184397   0.490528   0.268035
      0.24   0.132225    0.44161   0.203514
      0.25   0.113896   0.399876   0.177294
      0.26  0.0954713   0.347193   0.149761
      0.27  0.0727793   0.279251   0.115466
      0.28  0.0654577   0.266397   0.105093
      0.29  0.0632758    0.25852   0.101667
       0.3  0.0500388   0.222222  0.0816843
      0.31  0.0354926    0.18242  0.0594235
      0.32  0.0262801   0.164343   0.045314
      0.33  0.0197828   0.147844  0.0348962
      0.34  0.0167766   0.139094  0.0299418
      0.35  0.0157099   0.138122   0.028211
      0.36  0.0148856   0.142197  0.0269499
      0.37  0.0137219   0.142683   0.025036
      0.38  0.0127521   0.144654  0.0234381
      0.39  0.0114915   0.144357  0.0212883
       0.4 0.00955198   0.140541  0.0178882
      0.41 0.00940652   0.143258  0.0176539
      0.42 0.00921257   0.148529  0.0173491
      0.43 0.00921257    0.14759  0.0173426
      0.44 0.00858223   0.145963  0.0162113
      0.45 0.00858223    0.14534  0.0162074
      0.46 0.00858223   0.137161  0.0161537
      0.47 0.00853375     0.1344  0.0160485
      0.48 0.00838829   0.132472  0.0157775
      0.49 0.00838829   0.131068  0.0157675
       0.5 0.00809736   0.132075  0.0152592
      0.51 0.00640031   0.118299  0.0121436
      0.52 0.00640031   0.114068  0.0121205
      0.53 0.00625485   0.105159  0.0118074
      0.54 0.00523662    0.10041  0.0099541
      0.55 0.00281226  0.0942184  0.0054615
      0.56 0.00281226  0.0958606 0.00546421
      0.57 0.00281226   0.103286 0.00547543
      0.58 0.00281226   0.111111 0.00548567
      0.59 0.00281226   0.117825  0.0054934
       0.6 0.00281226   0.126712 0.00550239
      0.61 0.00261831    0.14346 0.00514276
      0.62 0.00237587   0.133641 0.00466874
      0.63 0.00232739   0.134615 0.00457566
      0.64 0.00164856   0.109195 0.00324809
      0.65 0.00121218  0.0981595 0.00239479
      0.66 0.000775795  0.0583942 0.00153125
      0.67 0.000533359      0.032 0.00104923
      0.68          0          0          0
      0.69          0          0          0
       0.7          0          0          0
      0.71          0          0          0
      0.72          0          0          0
      0.73          0          0          0
      0.74          0          0          0
      0.75          0          0          0
      0.76          0          0          0
      0.77          0          0          0
      0.78          0          0          0
      0.79          0          0          0
       0.8          0          0          0
      0.81          0          0          0
      0.82          0          0          0
      0.83          0          0          0
      0.84          0          0          0
      0.85          0          0          0
      0.86          0          0          0
      0.87          0          0          0
      0.88          0          0          0
      0.89          0          0          0
       0.9          0          0          0
      0.91          0          0          0
      0.92          0          0          0
      0.93          0          0          0
      0.94          0          0          0
      0.95          0          0          0
      0.96          0          0          0
      0.97          0          0          0
      0.98          0          0          0
      0.99          0          0          0
