         0          1   0.354609   0.523559
      0.01          1   0.413141   0.584713
      0.02   0.997746   0.501437   0.667439
      0.03   0.993278   0.494751   0.660505
      0.04   0.978627    0.41157   0.579448
      0.05   0.968565   0.359768   0.524656
      0.06   0.959026   0.378436   0.542714
      0.07   0.951137   0.402299   0.565438
      0.08   0.937694   0.439386   0.598382
      0.09   0.920024   0.460049   0.613382
       0.1   0.888066   0.497553    0.63778
      0.11    0.85639   0.530792   0.655379
      0.12   0.825719   0.547878   0.658699
      0.13   0.778708   0.573148     0.6603
      0.14   0.744979   0.586095   0.656054
      0.15   0.690763   0.603551   0.644219
      0.16   0.652727   0.616659    0.63418
      0.17   0.596257   0.627289   0.611379
      0.18   0.549889   0.628093   0.586395
      0.19   0.502516    0.62576   0.557407
       0.2   0.459086   0.613583   0.525208
      0.21   0.392634   0.584288   0.469662
      0.22   0.312538   0.537367   0.395215
      0.23   0.270074   0.503035   0.351456
      0.24   0.191668   0.429422   0.265039
      0.25   0.139344   0.365125   0.201709
      0.26   0.090642   0.287978   0.137884
      0.27  0.0746227   0.259153   0.115878
      0.28  0.0513584   0.225613  0.0836702
      0.29  0.0408935   0.216019  0.0687688
       0.3  0.0326424   0.207024   0.056393
      0.31   0.024512   0.195747  0.0435682
      0.32  0.0212518    0.19373  0.0383019
      0.33  0.0212518   0.193711  0.0383015
      0.34  0.0212518   0.192672  0.0382811
      0.35  0.0212518   0.195232   0.038331
      0.36  0.0212518   0.198554  0.0383941
      0.37  0.0212518    0.20387  0.0384911
      0.38  0.0212518   0.206522  0.0385379
      0.39  0.0212518   0.222756  0.0388017
       0.4  0.0210908   0.230118  0.0386401
      0.41  0.0208895   0.233636  0.0383501
      0.42  0.0205273   0.231579  0.0377118
      0.43   0.020326   0.226916    0.03731
      0.44  0.0198028   0.216298  0.0362837
      0.45  0.0191588   0.213632   0.035164
      0.46  0.0183538   0.206612  0.0337128
      0.47  0.0179915   0.202717  0.0330499
      0.48  0.0174281   0.197662  0.0320318
      0.49  0.0166231   0.193966  0.0306218
       0.5  0.0160596   0.191466  0.0296336
      0.51  0.0155363   0.183051  0.0286417
      0.52  0.0150936   0.176267  0.0278061
      0.53  0.0144496   0.168847   0.026621
      0.54  0.0140068   0.165025   0.025822
      0.55  0.0131616   0.163849  0.0243659
      0.56  0.0125981   0.158816  0.0233444
      0.57  0.0118736   0.154173  0.0220491
      0.58  0.0104649   0.147193  0.0195405
      0.59 0.00998189   0.145215  0.0186797
       0.6  0.0091769    0.13879  0.0172155
      0.61 0.00680217   0.140756  0.0129772
      0.62 0.00631918    0.14787  0.0121204
      0.63 0.00527269   0.147632  0.0101817
      0.64 0.00362246   0.143322 0.00706632
      0.65 0.00305897   0.140794 0.00598784
      0.66 0.00205273   0.128631 0.00404097
      0.67 0.00160998   0.117647 0.00317649
      0.68 0.00084524  0.0935673 0.00167535
      0.69 0.000724492  0.0860927 0.00143689
       0.7 0.000120749   0.037037 0.000240713
      0.71          0          0          0
      0.72          0          0          0
      0.73          0          0          0
      0.74          0          0          0
      0.75          0          0          0
      0.76          0          0          0
      0.77          0          0          0
      0.78          0          0          0
      0.79          0          0          0
       0.8          0          0          0
      0.81          0          0          0
      0.82          0          0          0
      0.83          0          0          0
      0.84          0          0          0
      0.85          0          0          0
      0.86          0          0          0
      0.87          0          0          0
      0.88          0          0          0
      0.89          0          0          0
       0.9          0          0          0
      0.91          0          0          0
      0.92          0          0          0
      0.93          0          0          0
      0.94          0          0          0
      0.95          0          0          0
      0.96          0          0          0
      0.97          0          0          0
      0.98          0          0          0
      0.99          0          0          0
