         0          1   0.308236   0.471224
      0.01    0.99995   0.425482   0.596957
      0.02   0.995372   0.467755   0.636432
      0.03     0.9916   0.439701   0.609246
      0.04   0.985966   0.419199   0.588281
      0.05   0.977666   0.420881   0.588441
      0.06   0.970523   0.437895   0.603496
      0.07    0.95659   0.445913   0.608278
      0.08   0.928018    0.45749   0.612856
      0.09   0.904376   0.461089   0.610778
       0.1   0.848089   0.463556   0.599456
      0.11   0.770825   0.464934   0.580021
      0.12   0.719668   0.471151   0.569477
      0.13   0.666751   0.474976   0.554757
      0.14    0.61494   0.468513   0.531832
      0.15   0.517153   0.453841   0.483433
      0.16   0.472032   0.445297   0.458275
      0.17   0.394115   0.422239   0.407692
      0.18   0.334708   0.404527   0.366321
      0.19   0.257746   0.368043   0.303175
       0.2   0.217002   0.343253   0.265903
      0.21   0.161972   0.317708   0.214559
      0.22   0.125704   0.293048   0.175939
      0.23   0.112022   0.273672   0.158972
      0.24  0.0791247   0.243434    0.11943
      0.25   0.065996   0.219877   0.101521
      0.26  0.0412475    0.18586  0.0675122
      0.27  0.0316901   0.171863  0.0535129
      0.28  0.0225855     0.1584  0.0395341
      0.29  0.0194668   0.158547   0.034676
       0.3  0.0194668   0.162912  0.0347779
      0.31  0.0192656   0.168686  0.0345816
      0.32  0.0192656   0.171797  0.0346459
      0.33  0.0191147    0.20048  0.0349017
      0.34  0.0189638   0.219479  0.0349111
      0.35   0.018662   0.221374  0.0344221
      0.36  0.0184105   0.215107   0.033918
      0.37  0.0178571   0.215649  0.0329831
      0.38  0.0160966   0.212528  0.0299266
      0.39  0.0137827   0.215847  0.0259109
       0.4   0.012173   0.210366  0.0230143
      0.41 0.00930584   0.180147  0.0176975
      0.42 0.00628773   0.150628  0.0120715
      0.43 0.00533199   0.135135  0.0102592
      0.44 0.00452716   0.126263 0.00874092
      0.45 0.00387324   0.107527 0.00747714
      0.46 0.00171026  0.0684932 0.00333719
      0.47 0.00150905  0.0518519 0.00293276
      0.48 5.03018e-05 0.00877193 0.00010003
      0.49          0          0          0
       0.5          0          0          0
      0.51          0          0          0
      0.52          0          0          0
      0.53          0          0          0
      0.54          0          0          0
      0.55          0          0          0
      0.56          0          0          0
      0.57          0          0          0
      0.58          0          0          0
      0.59          0          0          0
       0.6          0          0          0
      0.61          0          0          0
      0.62          0          0          0
      0.63          0          0          0
      0.64          0          0          0
      0.65          0          0          0
      0.66          0          0          0
      0.67          0          0          0
      0.68          0          0          0
      0.69          0          0          0
       0.7          0          0          0
      0.71          0          0          0
      0.72          0          0          0
      0.73          0          0          0
      0.74          0          0          0
      0.75          0          0          0
      0.76          0          0          0
      0.77          0          0          0
      0.78          0          0          0
      0.79          0          0          0
       0.8          0          0          0
      0.81          0          0          0
      0.82          0          0          0
      0.83          0          0          0
      0.84          0          0          0
      0.85          0          0          0
      0.86          0          0          0
      0.87          0          0          0
      0.88          0          0          0
      0.89          0          0          0
       0.9          0          0          0
      0.91          0          0          0
      0.92          0          0          0
      0.93          0          0          0
      0.94          0          0          0
      0.95          0          0          0
      0.96          0          0          0
      0.97          0          0          0
      0.98          0          0          0
      0.99          0          0          0
