         0          1   0.164811   0.282983
      0.01          1   0.215653   0.354794
      0.02   0.998571   0.188654   0.317353
      0.03   0.995332    0.14977   0.260362
      0.04   0.984186   0.166215   0.284398
      0.05   0.961227   0.189469   0.316544
      0.06    0.92293   0.228948   0.366884
      0.07    0.87444   0.261791   0.402947
      0.08   0.778889   0.303689   0.436994
      0.09   0.714204   0.328618   0.450126
       0.1   0.603029    0.34559   0.439377
      0.11   0.497857   0.338998    0.40335
      0.12   0.410689   0.306223   0.350845
      0.13   0.281985   0.238496   0.258424
      0.14   0.222063   0.188651   0.203998
      0.15   0.122321   0.110423   0.116067
      0.16   0.101648  0.0986079   0.100105
      0.17   0.081166  0.0807601  0.0809626
      0.18  0.0533486  0.0690073  0.0601759
      0.19  0.0382014  0.0587145   0.046287
       0.2   0.015814  0.0504988  0.0240855
      0.21 0.00562065  0.0481852   0.010067
      0.22 0.00562065  0.0482154  0.0100677
      0.23 0.00562065  0.0482759   0.010069
      0.24 0.00562065  0.0483668   0.010071
      0.25 0.00562065  0.0485192  0.0100743
      0.26 0.00562065  0.0497416     0.0101
      0.27 0.00523959  0.0467914 0.00942392
      0.28 0.00523959  0.0496102 0.00947815
      0.29 0.00523959  0.0482809 0.00945329
       0.3 0.00504906  0.0470767 0.00911999
      0.31 0.00485853  0.0484512 0.00883147
      0.32   0.004668  0.0486618 0.00851881
      0.33   0.004668  0.0490998 0.00852547
      0.34 0.00457274  0.0491257 0.00836668
      0.35  0.0043822  0.0496575 0.00805368
      0.36  0.0043822  0.0505667 0.00806544
      0.37  0.0043822  0.0528233 0.00809302
      0.38  0.0043822  0.0535549 0.00810149
      0.39  0.0043822  0.0552381 0.00812021
       0.4  0.0043822  0.0563107 0.00813159
      0.41  0.0043822  0.0577508 0.00814626
      0.42  0.0043822  0.0591457 0.00815983
      0.43  0.0043822  0.0608187 0.00817535
      0.44 0.00419167   0.065097 0.00787619
      0.45 0.00390588  0.0723906 0.00741185
      0.46 0.00314376  0.0833333 0.00605894
      0.47  0.0024769       0.08 0.00480503
      0.48 0.00181004  0.0632911 0.00351943
      0.49 0.000666857   0.032967 0.00130727
       0.5 0.000476327  0.0300752  0.0009378
      0.51          0          0          0
      0.52          0          0          0
      0.53          0          0          0
      0.54          0          0          0
      0.55          0          0          0
      0.56          0          0          0
      0.57          0          0          0
      0.58          0          0          0
      0.59          0          0          0
       0.6          0          0          0
      0.61          0          0          0
      0.62          0          0          0
      0.63          0          0          0
      0.64          0          0          0
      0.65          0          0          0
      0.66          0          0          0
      0.67          0          0          0
      0.68          0          0          0
      0.69          0          0          0
       0.7          0          0          0
      0.71          0          0          0
      0.72          0          0          0
      0.73          0          0          0
      0.74          0          0          0
      0.75          0          0          0
      0.76          0          0          0
      0.77          0          0          0
      0.78          0          0          0
      0.79          0          0          0
       0.8          0          0          0
      0.81          0          0          0
      0.82          0          0          0
      0.83          0          0          0
      0.84          0          0          0
      0.85          0          0          0
      0.86          0          0          0
      0.87          0          0          0
      0.88          0          0          0
      0.89          0          0          0
       0.9          0          0          0
      0.91          0          0          0
      0.92          0          0          0
      0.93          0          0          0
      0.94          0          0          0
      0.95          0          0          0
      0.96          0          0          0
      0.97          0          0          0
      0.98          0          0          0
      0.99          0          0          0
