         0          1   0.273534   0.429567
      0.01   0.999516   0.360597   0.529989
      0.02   0.998645   0.415853    0.58719
      0.03   0.993029   0.398574   0.568834
      0.04   0.986252   0.409586     0.5788
      0.05   0.982718   0.413055   0.581636
      0.06   0.974149   0.372734   0.539168
      0.07   0.964274   0.377875   0.542973
      0.08    0.95159   0.404505   0.567693
      0.09   0.946604   0.419579   0.581437
       0.1   0.934163   0.437835   0.596224
      0.11   0.912911   0.448769   0.601737
      0.12   0.899114   0.457212   0.606176
      0.13   0.861209   0.467369   0.605915
      0.14   0.830711   0.472956   0.602746
      0.15   0.761485   0.471073   0.582066
      0.16   0.693421   0.463007   0.555259
      0.17   0.554243   0.431312   0.485111
      0.18   0.472915   0.418515   0.444055
      0.19   0.399235    0.42762    0.41294
       0.2   0.375079   0.435048   0.402844
      0.21   0.356393   0.455275    0.39981
      0.22   0.339836   0.477318   0.397012
      0.23   0.334221   0.494229   0.398773
      0.24   0.326475   0.518929   0.400796
      0.25   0.322409   0.527888   0.400321
      0.26   0.311662   0.521757   0.390228
      0.27    0.29801   0.506897   0.375349
      0.28   0.272402   0.467697   0.344282
      0.29   0.210824   0.403592   0.276969
       0.3   0.138888   0.331544   0.195766
      0.31   0.104613   0.295082   0.154465
      0.32  0.0955608   0.282398     0.1428
      0.33  0.0746962   0.251513   0.115184
      0.34  0.0599797     0.2157  0.0938598
      0.35   0.041584   0.175188  0.0672136
      0.36   0.037566   0.164742  0.0611809
      0.37  0.0320957   0.155186  0.0531904
      0.38  0.0263349   0.148361    0.04473
      0.39  0.0209614   0.148084  0.0367244
       0.4  0.0193639   0.161259  0.0345759
      0.41  0.0154911   0.154255  0.0281548
      0.42  0.0115215   0.140244  0.0212937
      0.43 0.00890739   0.143288  0.0167722
      0.44 0.00813284   0.155668  0.0154581
      0.45 0.00769715   0.158559  0.0146816
      0.46 0.00769715   0.161049  0.0146921
      0.47 0.00769715   0.163462   0.014702
      0.48 0.00730987   0.165984  0.0140031
      0.49 0.00730987   0.164211  0.0139967
       0.5 0.00701941   0.163355  0.0134604
      0.51 0.00672895   0.160465  0.0129163
      0.52 0.00672895   0.163462  0.0129258
      0.53 0.00614804   0.158568  0.0118371
      0.54 0.00571235   0.161202  0.0110337
      0.55 0.00571235   0.174312  0.0110622
      0.56 0.00551871   0.177049  0.0107038
      0.57 0.00479256   0.185874  0.0093442
      0.58 0.00479256   0.186235 0.00934465
      0.59 0.00479256   0.188073 0.00934695
       0.6 0.00479256    0.18932 0.00934848
      0.61 0.00426006   0.169399 0.00831111
      0.62 0.00334027   0.136364 0.00652081
      0.63 0.00295299   0.129252 0.00577407
      0.64 0.00280776    0.12782 0.00549483
      0.65 0.00280776   0.129032 0.00549594
      0.66 0.00237208   0.111111 0.00464499
      0.67 0.00237208   0.103774 0.00463814
      0.68 0.00193639  0.0808081 0.00378215
      0.69 0.00116183  0.0659341 0.00228343
       0.7 0.000435688  0.0285714 0.000858287
      0.71          0          0          0
      0.72          0          0          0
      0.73          0          0          0
      0.74          0          0          0
      0.75          0          0          0
      0.76          0          0          0
      0.77          0          0          0
      0.78          0          0          0
      0.79          0          0          0
       0.8          0          0          0
      0.81          0          0          0
      0.82          0          0          0
      0.83          0          0          0
      0.84          0          0          0
      0.85          0          0          0
      0.86          0          0          0
      0.87          0          0          0
      0.88          0          0          0
      0.89          0          0          0
       0.9          0          0          0
      0.91          0          0          0
      0.92          0          0          0
      0.93          0          0          0
      0.94          0          0          0
      0.95          0          0          0
      0.96          0          0          0
      0.97          0          0          0
      0.98          0          0          0
      0.99          0          0          0
