         0          1   0.279386    0.43675
      0.01   0.997979    0.36534   0.534873
      0.02   0.989192   0.410631   0.580349
      0.03   0.978273   0.392524   0.560252
      0.04   0.958577   0.366816   0.530592
      0.05   0.941129    0.35804   0.518734
      0.06   0.907165   0.365945   0.521514
      0.07   0.877923   0.383055   0.533384
      0.08   0.826612    0.41024   0.548342
      0.09   0.789824   0.425608   0.553145
       0.1   0.728042   0.444849   0.552257
      0.11   0.663486   0.459912   0.543254
      0.12   0.619139   0.466889   0.532342
      0.13   0.554337   0.472483   0.510148
      0.14   0.510806   0.471821    0.49054
      0.15   0.448554   0.466801   0.457496
      0.16   0.409017   0.463456   0.434538
      0.17   0.355558   0.453447    0.39858
      0.18   0.323767   0.445356   0.374951
      0.19   0.283388   0.433823   0.342829
       0.2   0.257859   0.424308   0.320777
      0.21   0.222363   0.409119   0.288126
      0.22   0.189338   0.389341   0.254777
      0.23   0.170568   0.375208   0.234523
      0.24   0.143446   0.348868     0.2033
      0.25    0.12716   0.331652   0.183835
      0.26   0.105804   0.301575   0.156649
      0.27  0.0907342   0.278251   0.136845
      0.28  0.0699398   0.242782   0.108596
      0.29  0.0572573   0.219692  0.0908395
       0.3  0.0385041   0.185931  0.0637966
      0.31  0.0261552   0.162691  0.0450654
      0.32  0.0211239   0.152712   0.037114
      0.33   0.015874   0.144169   0.028599
      0.34  0.0128889   0.139907  0.0236034
      0.35   0.011041   0.138715  0.0204539
      0.36   0.010627   0.139314  0.0197477
      0.37 0.00999546   0.140946  0.0186671
      0.38 0.00948796   0.141603  0.0177843
      0.39 0.00889096   0.141641  0.0167317
       0.4 0.00848008   0.141479  0.0160011
      0.41 0.00797461   0.138576  0.0150813
      0.42 0.00732268    0.13499  0.0138918
      0.43 0.00694333    0.13345  0.0131999
      0.44 0.00644701   0.131589  0.0122918
      0.45 0.00613885   0.131097  0.0117285
      0.46 0.00564355   0.128479  0.0108122
      0.47 0.00539845    0.12863   0.010362
      0.48  0.0050435   0.128291 0.00970545
      0.49 0.00476686   0.125063 0.00918368
       0.5 0.00442921   0.124271 0.00855355
      0.51 0.00412715   0.122801  0.0079859
      0.52 0.00388001   0.122409  0.0075216
      0.53 0.00361354   0.123966 0.00702238
      0.54  0.0034437   0.124373 0.00670183
      0.55 0.00322402   0.126155 0.00628735
      0.56 0.00306536    0.12897 0.00598838
      0.57 0.00274296   0.127136 0.00537005
      0.58 0.00241038   0.124843 0.00472945
      0.59 0.00209917   0.128034 0.00413062
       0.6 0.00190898   0.127639 0.00376171
      0.61  0.0016771   0.127296 0.00331058
      0.62 0.00153471    0.12737 0.00303288
      0.63 0.00143504   0.128922 0.00283849
      0.64 0.00121841   0.119434 0.00241222
      0.65 0.00104653   0.108017 0.00207298
      0.66 0.000802444  0.0933418 0.00159121
      0.67 0.000677348  0.0858144 0.00134409
      0.68 0.000534963  0.0773663 0.00106258
      0.69 0.000389526  0.0653503 0.000774436
       0.7 0.000218663  0.0510355 0.000435461
      0.71 3.55964e-05  0.0375671 7.11254e-05
      0.72          0          0          0
      0.73          0          0          0
      0.74          0          0          0
      0.75          0          0          0
      0.76          0          0          0
      0.77          0          0          0
      0.78          0          0          0
      0.79          0          0          0
       0.8          0          0          0
      0.81          0          0          0
      0.82          0          0          0
      0.83          0          0          0
      0.84          0          0          0
      0.85          0          0          0
      0.86          0          0          0
      0.87          0          0          0
      0.88          0          0          0
      0.89          0          0          0
       0.9          0          0          0
      0.91          0          0          0
      0.92          0          0          0
      0.93          0          0          0
      0.94          0          0          0
      0.95          0          0          0
      0.96          0          0          0
      0.97          0          0          0
      0.98          0          0          0
      0.99          0          0          0
