    119082       0.04   0.977657    0.64225    0.77523
     58060       0.02   0.894238   0.435806   0.586017
     42049       0.03   0.997509   0.695215   0.819369
     24077       0.04   0.985433   0.591346   0.739142
     78004        0.1   0.857205    0.60187   0.707196
     45096       0.02   0.957229   0.625976   0.756949
     38092       0.12    0.81334   0.595436   0.687535
     43074       0.08    0.71544   0.477799   0.572956
     16077       0.11   0.719637   0.432757   0.540489
     86000       0.02   0.995372   0.467755   0.636432
    101085       0.13   0.789027   0.647269   0.711152
     89072       0.02   0.989841   0.360741   0.528774
    126007       0.04   0.973258   0.519148   0.677115
     76053       0.01   0.992667    0.46392   0.632325
     86016       0.01          1   0.417462   0.589027
    103070       0.02    0.98511   0.432838   0.601423
      8023       0.08   0.855553   0.169111   0.282401
     41033       0.11   0.682085   0.515368   0.587121
    109053       0.02   0.986868   0.330496   0.495165
    130026       0.03   0.955838   0.259293   0.407927
    108082       0.02   0.957491   0.193689   0.322201
     69040       0.01   0.999858   0.319568   0.484336
     14037       0.02   0.973716   0.475226   0.638721
     54082       0.01   0.996908   0.529501   0.691641
     62096       0.23    0.70153   0.637925   0.668218
     12084       0.08   0.930627   0.293585   0.446357
     69015       0.02   0.988582   0.675924   0.802889
     97033   0.122727   0.888776   0.459982   0.606219
     19021   0.099697   0.817727   0.620711   0.705727
     86068       0.09   0.714204   0.328618   0.450126
      3096  0.0324242   0.897876   0.442884   0.593178
     41069       0.12   0.704229   0.437458   0.539676
     21077        0.1   0.854614   0.537807    0.66017
    108070       0.02   0.977577   0.236702   0.381122
    123074       0.11   0.585765   0.273548   0.372937
     38082       0.02   0.992395   0.438115   0.607871
     33039       0.03   0.991871   0.389006   0.558839
    108005       0.02    0.99527   0.362943   0.531915
    106024       0.09   0.747224   0.430477   0.546256
    102061       0.02    0.99598   0.312978   0.476286
     37073  0.0436364   0.906515   0.698786    0.78921
     65033       0.02   0.998129    0.47253   0.641408
     55073       0.02   0.998757    0.45934   0.629271
     66053       0.02   0.984248   0.418211   0.587002
     85048       0.02   0.997746   0.501437   0.667439
     42012       0.02   0.989978   0.530462   0.690781
     87046       0.02   0.996622   0.403985   0.574922
    105025       0.12   0.715225   0.418104   0.527717
    101087       0.09   0.874642   0.666215   0.756332
     69020        0.1   0.783456   0.504361   0.613666
