         0          1   0.296598   0.457502
      0.01          1   0.518777   0.683151
      0.02   0.998129   0.579764   0.733484
      0.03   0.988455   0.579859   0.730931
      0.04   0.977627   0.536641   0.692922
      0.05   0.972134   0.508653    0.66786
      0.06   0.965008   0.489541   0.649564
      0.07   0.956011   0.516466   0.670635
      0.08   0.935828   0.582936   0.718384
      0.09   0.915685   0.605343   0.728854
       0.1   0.876592   0.633109   0.735216
      0.11   0.844944   0.649564   0.734483
      0.12   0.816162   0.655429   0.727017
      0.13   0.761903   0.651228   0.702231
      0.14   0.718631   0.639551   0.676789
      0.15    0.64801   0.629024   0.638376
      0.16   0.592994   0.613267    0.60296
      0.17   0.532325   0.585042    0.55744
      0.18   0.497373   0.567944   0.530321
      0.19   0.440048   0.538224    0.48421
       0.2   0.408758    0.51744   0.456722
      0.21   0.377349   0.497739   0.429263
      0.22   0.356011   0.484223   0.410335
      0.23   0.340406   0.473075   0.395922
      0.24   0.320422   0.458126   0.377096
      0.25   0.303782   0.441901    0.36005
      0.26   0.250995   0.412322    0.31204
      0.27   0.230096   0.393141   0.290291
      0.28   0.191282    0.36588   0.251224
      0.29   0.161186   0.341149   0.218932
       0.3   0.139729   0.304543   0.191565
      0.31   0.106449   0.251397   0.149567
      0.32   0.090207   0.222714   0.128405
      0.33  0.0719745   0.199529   0.105789
      0.34  0.0649682   0.187449  0.0964928
      0.35  0.0519108   0.162445  0.0786791
      0.36  0.0465764   0.149051  0.0709744
      0.37  0.0365048   0.123563  0.0563591
      0.38  0.0240844   0.102145  0.0389783
      0.39  0.0157643  0.0807963  0.0263813
       0.4  0.0118232  0.0740741  0.0203917
      0.41 0.00469745  0.0638821 0.00875139
      0.42 0.00410032  0.0604534 0.00767975
      0.43 0.00374204  0.0530401 0.00699086
      0.44 0.00338376  0.0469799 0.00631283
      0.45 0.00330414  0.0469613 0.00617389
      0.46 0.00318471  0.0437853 0.00593756
      0.47 0.00318471  0.0442225 0.00594154
      0.48  0.0031449  0.0436047 0.00586669
      0.49  0.0031051  0.0427729 0.00578988
       0.5 0.00302548  0.0418535 0.00564304
      0.51 0.00298567  0.0380518 0.00553689
      0.52 0.00282643  0.0354938 0.00523592
      0.53 0.00274682  0.0345912 0.00508949
      0.54 0.00274682  0.0346457 0.00509007
      0.55 0.00274682  0.0346457 0.00509007
      0.56 0.00274682  0.0347003 0.00509066
      0.57 0.00274682  0.0316957 0.00505551
      0.58 0.00274682  0.0316957 0.00505551
      0.59 0.00274682      0.032 0.00505935
       0.6 0.00274682  0.0323625 0.00506383
      0.61 0.00274682  0.0318792 0.00505783
      0.62 0.00274682  0.0309278 0.00504552
      0.63 0.00274682  0.0315236 0.00505331
      0.64 0.00274682  0.0327273 0.00506825
      0.65 0.00274682  0.0311927 0.00504902
      0.66 0.00274682  0.0309478 0.00504578
      0.67 0.00274682    0.03125 0.00504977
      0.68 0.00250796  0.0303644 0.00463324
      0.69 0.00210987  0.0272537 0.00391654
       0.7  0.0013535  0.0324484 0.00259861
      0.71          0          0          0
      0.72          0          0          0
      0.73          0          0          0
      0.74          0          0          0
      0.75          0          0          0
      0.76          0          0          0
      0.77          0          0          0
      0.78          0          0          0
      0.79          0          0          0
       0.8          0          0          0
      0.81          0          0          0
      0.82          0          0          0
      0.83          0          0          0
      0.84          0          0          0
      0.85          0          0          0
      0.86          0          0          0
      0.87          0          0          0
      0.88          0          0          0
      0.89          0          0          0
       0.9          0          0          0
      0.91          0          0          0
      0.92          0          0          0
      0.93          0          0          0
      0.94          0          0          0
      0.95          0          0          0
      0.96          0          0          0
      0.97          0          0          0
      0.98          0          0          0
      0.99          0          0          0
