         0          1   0.168956   0.289072
      0.01   0.999426   0.255032   0.406367
      0.02   0.996718   0.307673   0.470202
      0.03   0.989252    0.31738   0.480577
      0.04   0.974237   0.292479   0.449894
      0.05    0.96234   0.274765   0.427477
      0.06   0.936495   0.260071    0.40709
      0.07   0.915162   0.262218   0.407637
      0.08   0.888907   0.271798   0.416304
      0.09    0.87381   0.281302   0.425595
       0.1   0.846242   0.291919   0.434093
      0.11   0.809977   0.298895   0.436657
      0.12    0.77363   0.300209   0.432562
      0.13   0.721037     0.3014   0.425103
      0.14   0.679849   0.298287   0.414646
      0.15   0.617657   0.294202   0.398562
      0.16   0.585822   0.292704   0.390364
      0.17   0.554152   0.293759   0.383972
      0.18   0.529537   0.290188   0.374919
      0.19   0.491303   0.287316   0.362588
       0.2   0.446012   0.285946   0.348477
      0.21   0.402773    0.28287   0.332337
      0.22   0.374959   0.280855   0.321155
      0.23    0.34895   0.282888   0.312465
      0.24   0.290532   0.280526   0.285441
      0.25   0.262717   0.287671   0.274629
      0.26   0.221201   0.272727   0.244277
      0.27   0.182803   0.245545   0.209579
      0.28   0.124877   0.210648     0.1568
      0.29   0.112652   0.191729   0.141918
       0.3  0.0783558   0.132479  0.0984703
      0.31  0.0353627  0.0899225  0.0507626
      0.32  0.0242041  0.0759494  0.0367094
      0.33   0.012061  0.0631068  0.0202516
      0.34 0.00738431  0.0587276  0.0131191
      0.35 0.00738431  0.0535117  0.0129778
      0.36 0.00738431  0.0523649  0.0129434
      0.37 0.00672793  0.0496575  0.0118503
      0.38 0.00672793   0.046875   0.011767
      0.39 0.00607155  0.0454545  0.0107122
       0.4 0.00541516  0.0371681 0.00945307
      0.41 0.00508697  0.0334572 0.00883121
      0.42 0.00475878  0.0313725 0.00826402
      0.43 0.00459468  0.0306748 0.00799224
      0.44 0.00434854   0.030303 0.00760565
      0.45 0.00254349  0.0200893 0.00451529
      0.46 0.00254349  0.0209302 0.00453577
      0.47 0.00254349  0.0212766 0.00454379
      0.48 0.00254349  0.0197044  0.0045054
      0.49 0.00254349  0.0201511 0.00451685
       0.5 0.00254349  0.0210526 0.00453863
      0.51 0.00254349  0.0193906 0.00449708
      0.52 0.00254349       0.02 0.00451303
      0.53 0.00254349   0.021021  0.0045379
      0.54 0.00254349  0.0219436 0.00455858
      0.55 0.00254349  0.0200669 0.00451473
      0.56 0.00254349  0.0222222 0.00456453
      0.57 0.00254349  0.0285714 0.00467114
      0.58 0.00254349  0.0301205 0.00469086
      0.59 0.00254349  0.0568182 0.00486901
       0.6 0.00254349  0.0704225 0.00490965
      0.61 0.00254349       0.08 0.00493022
      0.62 0.00254349   0.166667 0.00501051
      0.63 0.00229734   0.166667 0.00453221
      0.64          0          0          0
      0.65          0          0          0
      0.66          0          0          0
      0.67          0          0          0
      0.68          0          0          0
      0.69          0          0          0
       0.7          0          0          0
      0.71          0          0          0
      0.72          0          0          0
      0.73          0          0          0
      0.74          0          0          0
      0.75          0          0          0
      0.76          0          0          0
      0.77          0          0          0
      0.78          0          0          0
      0.79          0          0          0
       0.8          0          0          0
      0.81          0          0          0
      0.82          0          0          0
      0.83          0          0          0
      0.84          0          0          0
      0.85          0          0          0
      0.86          0          0          0
      0.87          0          0          0
      0.88          0          0          0
      0.89          0          0          0
       0.9          0          0          0
      0.91          0          0          0
      0.92          0          0          0
      0.93          0          0          0
      0.94          0          0          0
      0.95          0          0          0
      0.96          0          0          0
      0.97          0          0          0
      0.98          0          0          0
      0.99          0          0          0
