         0          1   0.337394   0.504555
      0.01   0.999957   0.379845   0.550555
      0.02   0.984554   0.446579   0.614452
      0.03   0.969449   0.436092   0.601574
      0.04   0.957041   0.384456   0.548551
      0.05   0.946429   0.364167   0.525956
      0.06   0.920628    0.37073   0.528598
      0.07   0.892688   0.379282   0.532372
      0.08   0.828249   0.396308   0.536099
      0.09   0.785033   0.412208   0.540571
       0.1   0.700312   0.432851   0.535017
      0.11   0.618587   0.451741   0.522159
      0.12   0.572034   0.464473   0.512672
      0.13    0.50952   0.465938   0.486756
      0.14   0.461341    0.46665   0.463981
      0.15   0.411878   0.465877   0.437217
      0.16   0.382397   0.460733   0.417926
      0.17   0.333105   0.443562   0.380479
      0.18   0.307004   0.427888   0.357504
      0.19   0.265971   0.405383   0.321202
       0.2   0.240041   0.382224   0.294889
      0.21    0.19199   0.341735   0.245856
      0.22   0.153395   0.303665   0.203828
      0.23   0.128493   0.278362   0.175824
      0.24  0.0963159   0.245961   0.138426
      0.25   0.081169   0.233291   0.120435
      0.26   0.071071   0.231032   0.108702
      0.27  0.0648667    0.22415   0.100616
      0.28  0.0548543   0.218139  0.0876642
      0.29  0.0519875   0.217105  0.0838875
       0.3  0.0456121   0.211042   0.075012
      0.31  0.0421035   0.212598  0.0702871
      0.32  0.0348723   0.207983  0.0597297
      0.33  0.0284969   0.208845  0.0501507
      0.34  0.0267425   0.205962  0.0473386
      0.35  0.0245176   0.218033  0.0440785
      0.36  0.0225493   0.246964  0.0413254
      0.37  0.0192974   0.243781  0.0357638
      0.38  0.0135638   0.241176  0.0256832
      0.39 0.00633263    0.23221   0.012329
       0.4 0.00607591   0.230769  0.0118401
      0.41 0.00590475   0.225532  0.0115082
      0.42 0.00449275   0.199074 0.00878718
      0.43 0.00440717        0.2  0.0086243
      0.44 0.00355141   0.186528 0.00697011
      0.45 0.00299516   0.181818 0.00589325
      0.46 0.00154037   0.154545 0.00305034
      0.47 0.00154037   0.146341 0.00304865
      0.48 0.00115528   0.178571  0.0022957
      0.49  0.0010697   0.173913 0.00212632
       0.5          0          0          0
      0.51          0          0          0
      0.52          0          0          0
      0.53          0          0          0
      0.54          0          0          0
      0.55          0          0          0
      0.56          0          0          0
      0.57          0          0          0
      0.58          0          0          0
      0.59          0          0          0
       0.6          0          0          0
      0.61          0          0          0
      0.62          0          0          0
      0.63          0          0          0
      0.64          0          0          0
      0.65          0          0          0
      0.66          0          0          0
      0.67          0          0          0
      0.68          0          0          0
      0.69          0          0          0
       0.7          0          0          0
      0.71          0          0          0
      0.72          0          0          0
      0.73          0          0          0
      0.74          0          0          0
      0.75          0          0          0
      0.76          0          0          0
      0.77          0          0          0
      0.78          0          0          0
      0.79          0          0          0
       0.8          0          0          0
      0.81          0          0          0
      0.82          0          0          0
      0.83          0          0          0
      0.84          0          0          0
      0.85          0          0          0
      0.86          0          0          0
      0.87          0          0          0
      0.88          0          0          0
      0.89          0          0          0
       0.9          0          0          0
      0.91          0          0          0
      0.92          0          0          0
      0.93          0          0          0
      0.94          0          0          0
      0.95          0          0          0
      0.96          0          0          0
      0.97          0          0          0
      0.98          0          0          0
      0.99          0          0          0
