         0          1   0.282356    0.44037
      0.01          1   0.322859   0.488124
      0.02   0.996115   0.371595   0.541272
      0.03   0.991836   0.363959   0.532511
      0.04   0.985529   0.329684   0.494085
      0.05    0.98125   0.318454   0.480853
      0.06   0.957489   0.322252   0.482211
      0.07   0.929673    0.33311   0.490478
      0.08   0.875957   0.347801   0.497907
      0.09   0.833108   0.357239   0.500054
       0.1   0.786261   0.369755   0.502976
      0.11   0.724831   0.379994   0.498597
      0.12   0.683052   0.384669   0.492167
      0.13   0.610923   0.389865    0.47598
      0.14   0.575225   0.390295    0.46505
      0.15   0.500901   0.386563   0.436367
      0.16   0.443187   0.382522   0.410626
      0.17   0.376239   0.386396    0.38125
      0.18   0.340709   0.384021   0.361071
      0.19   0.292342   0.380019   0.330464
       0.2   0.272185   0.380353   0.317303
      0.21   0.243581   0.383426   0.297908
      0.22   0.214471   0.370087   0.271565
      0.23    0.19955   0.363164   0.257571
      0.24   0.174493   0.358885   0.234817
      0.25   0.154842   0.355378   0.215701
      0.26   0.126577   0.339357   0.184381
      0.27   0.110304   0.334149   0.165858
      0.28  0.0813626   0.325123   0.130154
      0.29  0.0712838       0.34   0.117858
       0.3  0.0596847   0.346437   0.101827
      0.31   0.050732   0.373457  0.0893291
      0.32  0.0463964   0.382353  0.0827514
      0.33  0.0412725   0.401869  0.0748571
      0.34  0.0399775   0.445087  0.0733653
      0.35  0.0345721   0.474576  0.0644491
      0.36  0.0290541   0.460784  0.0546615
      0.37  0.0221847   0.444444  0.0422599
      0.38   0.013795   0.446809  0.0267638
      0.39  0.0107545    0.46875  0.0210266
       0.4 0.00940315       0.75  0.0185734
      0.41 0.00602477          1  0.0119774
      0.42          0          0          0
      0.43          0          0          0
      0.44          0          0          0
      0.45          0          0          0
      0.46          0          0          0
      0.47          0          0          0
      0.48          0          0          0
      0.49          0          0          0
       0.5          0          0          0
      0.51          0          0          0
      0.52          0          0          0
      0.53          0          0          0
      0.54          0          0          0
      0.55          0          0          0
      0.56          0          0          0
      0.57          0          0          0
      0.58          0          0          0
      0.59          0          0          0
       0.6          0          0          0
      0.61          0          0          0
      0.62          0          0          0
      0.63          0          0          0
      0.64          0          0          0
      0.65          0          0          0
      0.66          0          0          0
      0.67          0          0          0
      0.68          0          0          0
      0.69          0          0          0
       0.7          0          0          0
      0.71          0          0          0
      0.72          0          0          0
      0.73          0          0          0
      0.74          0          0          0
      0.75          0          0          0
      0.76          0          0          0
      0.77          0          0          0
      0.78          0          0          0
      0.79          0          0          0
       0.8          0          0          0
      0.81          0          0          0
      0.82          0          0          0
      0.83          0          0          0
      0.84          0          0          0
      0.85          0          0          0
      0.86          0          0          0
      0.87          0          0          0
      0.88          0          0          0
      0.89          0          0          0
       0.9          0          0          0
      0.91          0          0          0
      0.92          0          0          0
      0.93          0          0          0
      0.94          0          0          0
      0.95          0          0          0
      0.96          0          0          0
      0.97          0          0          0
      0.98          0          0          0
      0.99          0          0          0
