         0          1   0.150167   0.261123
      0.01   0.999715   0.184003   0.310802
      0.02   0.980738   0.199567   0.331648
      0.03   0.961382   0.186786   0.312799
      0.04   0.923902   0.168676   0.285271
      0.05   0.899706   0.162673   0.275529
      0.06   0.867729   0.163016   0.274468
      0.07   0.838505   0.165506   0.276446
      0.08   0.791252   0.170585   0.280662
      0.09   0.765727   0.176806    0.28728
       0.1   0.721985   0.182758   0.291682
      0.11   0.662492   0.186603   0.291188
      0.12    0.60594   0.185027   0.283489
      0.13   0.510485   0.180457   0.266652
      0.14   0.467597   0.181417   0.261412
      0.15    0.41911   0.186635   0.258262
      0.16   0.385805   0.196411   0.260303
      0.17   0.340829   0.205181   0.256155
      0.18     0.3191    0.20474   0.249437
      0.19   0.281716   0.200922   0.234556
       0.2   0.260936   0.200255   0.226603
      0.21   0.231995   0.197715   0.213488
      0.22   0.209413   0.196283   0.202636
      0.23   0.177057   0.185835    0.18134
      0.24   0.146409   0.173672   0.158879
      0.25   0.125534   0.166215   0.143038
      0.26   0.114907   0.168688   0.136698
      0.27  0.0998197   0.157088   0.122071
      0.28  0.0845431    0.15016   0.108179
      0.29  0.0752443   0.136531  0.0970197
       0.3  0.0586393   0.126464  0.0801256
      0.31  0.0328304   0.109677  0.0505342
      0.32  0.0269475   0.111111  0.0433753
      0.33  0.0262833   0.142077  0.0443603
      0.34  0.0191669       0.15  0.0339905
      0.35  0.0185976   0.195122  0.0339585
      0.36  0.0169845   0.214286  0.0314744
      0.37  0.0122403   0.181818  0.0229364
      0.38  0.0053136       0.05 0.00960631
      0.39          0          0          0
       0.4          0          0          0
      0.41          0          0          0
      0.42          0          0          0
      0.43          0          0          0
      0.44          0          0          0
      0.45          0          0          0
      0.46          0          0          0
      0.47          0          0          0
      0.48          0          0          0
      0.49          0          0          0
       0.5          0          0          0
      0.51          0          0          0
      0.52          0          0          0
      0.53          0          0          0
      0.54          0          0          0
      0.55          0          0          0
      0.56          0          0          0
      0.57          0          0          0
      0.58          0          0          0
      0.59          0          0          0
       0.6          0          0          0
      0.61          0          0          0
      0.62          0          0          0
      0.63          0          0          0
      0.64          0          0          0
      0.65          0          0          0
      0.66          0          0          0
      0.67          0          0          0
      0.68          0          0          0
      0.69          0          0          0
       0.7          0          0          0
      0.71          0          0          0
      0.72          0          0          0
      0.73          0          0          0
      0.74          0          0          0
      0.75          0          0          0
      0.76          0          0          0
      0.77          0          0          0
      0.78          0          0          0
      0.79          0          0          0
       0.8          0          0          0
      0.81          0          0          0
      0.82          0          0          0
      0.83          0          0          0
      0.84          0          0          0
      0.85          0          0          0
      0.86          0          0          0
      0.87          0          0          0
      0.88          0          0          0
      0.89          0          0          0
       0.9          0          0          0
      0.91          0          0          0
      0.92          0          0          0
      0.93          0          0          0
      0.94          0          0          0
      0.95          0          0          0
      0.96          0          0          0
      0.97          0          0          0
      0.98          0          0          0
      0.99          0          0          0
