         0          1   0.253826   0.404882
      0.01   0.999562   0.314963   0.478994
      0.02   0.989111    0.34059   0.506702
      0.03   0.979755   0.340802   0.505699
      0.04   0.965146   0.321258   0.482059
      0.05   0.955515   0.309193   0.467205
      0.06   0.923835   0.313654   0.468311
      0.07   0.887831   0.318591   0.468915
      0.08   0.824141   0.327388   0.468618
      0.09   0.772543    0.32885   0.461326
       0.1   0.690578   0.329667   0.446287
      0.11    0.60336   0.330181   0.426801
      0.12   0.544211   0.334643    0.41444
      0.13   0.460768   0.337097   0.389348
      0.14   0.415025   0.332299   0.369083
      0.15   0.371361   0.327612   0.348118
      0.16    0.34258   0.322185    0.33207
      0.17   0.277304   0.295636   0.286176
      0.18   0.249398   0.280573   0.264068
      0.19   0.220398   0.255742   0.236758
       0.2   0.195776   0.238959   0.215223
      0.21   0.167597   0.220382   0.190398
      0.22   0.136408   0.188006   0.158104
      0.23   0.112661   0.165431   0.134039
      0.24  0.0843182   0.151213   0.108266
      0.25  0.0804881   0.143969   0.103252
      0.26  0.0629788   0.119435  0.0824703
      0.27  0.0544977   0.116854  0.0743299
      0.28  0.0480411   0.110747  0.0670126
      0.29  0.0386299   0.101436  0.0559517
       0.3  0.0264828  0.0922131  0.0411482
      0.31  0.0228168  0.0920555  0.0365695
      0.32  0.0210112  0.0963173   0.034497
      0.33 0.00973955  0.0783242  0.0173248
      0.34 0.00547166  0.0718954  0.0101694
      0.35 0.00180565  0.0744681  0.0035258
      0.36 0.00158678  0.0642202 0.00309704
      0.37 0.000984898  0.0377358 0.00191969
      0.38 0.000766032  0.0368664 0.00150088
      0.39 0.000383016  0.0294118 0.000756185
       0.4 0.000328299  0.0275229 0.000648859
      0.41 0.000218866  0.0240964 0.000433792
      0.42 0.00016415   0.015625 0.000324886
      0.43          0          0          0
      0.44          0          0          0
      0.45          0          0          0
      0.46          0          0          0
      0.47          0          0          0
      0.48          0          0          0
      0.49          0          0          0
       0.5          0          0          0
      0.51          0          0          0
      0.52          0          0          0
      0.53          0          0          0
      0.54          0          0          0
      0.55          0          0          0
      0.56          0          0          0
      0.57          0          0          0
      0.58          0          0          0
      0.59          0          0          0
       0.6          0          0          0
      0.61          0          0          0
      0.62          0          0          0
      0.63          0          0          0
      0.64          0          0          0
      0.65          0          0          0
      0.66          0          0          0
      0.67          0          0          0
      0.68          0          0          0
      0.69          0          0          0
       0.7          0          0          0
      0.71          0          0          0
      0.72          0          0          0
      0.73          0          0          0
      0.74          0          0          0
      0.75          0          0          0
      0.76          0          0          0
      0.77          0          0          0
      0.78          0          0          0
      0.79          0          0          0
       0.8          0          0          0
      0.81          0          0          0
      0.82          0          0          0
      0.83          0          0          0
      0.84          0          0          0
      0.85          0          0          0
      0.86          0          0          0
      0.87          0          0          0
      0.88          0          0          0
      0.89          0          0          0
       0.9          0          0          0
      0.91          0          0          0
      0.92          0          0          0
      0.93          0          0          0
      0.94          0          0          0
      0.95          0          0          0
      0.96          0          0          0
      0.97          0          0          0
      0.98          0          0          0
      0.99          0          0          0
