         0          1   0.223412   0.365227
      0.01          1   0.250083   0.400106
      0.02   0.998663   0.262678   0.415949
      0.03    0.99606   0.238571   0.384942
      0.04   0.992683   0.238969   0.385207
      0.05   0.992331   0.252001   0.401932
      0.06   0.988883   0.260128   0.411903
      0.07   0.978822   0.266299   0.418689
      0.08    0.96264     0.2765   0.429604
      0.09   0.940899   0.279173   0.430587
       0.1   0.899458   0.282438   0.429888
      0.11    0.83494   0.286776   0.426919
      0.12     0.7859   0.285516   0.418861
      0.13   0.673679   0.271708   0.387236
      0.14   0.570112   0.257822    0.35507
      0.15   0.466404   0.237209   0.314478
      0.16   0.405122   0.216107    0.28186
      0.17   0.292338   0.183652   0.225587
      0.18   0.229367   0.162597   0.190295
      0.19    0.15324   0.127465   0.139169
       0.2   0.116161   0.110711   0.113371
      0.21  0.0817561  0.0969697  0.0887154
      0.22  0.0583972  0.0812958  0.0679698
      0.23  0.0498839  0.0736074  0.0594669
      0.24  0.0328572  0.0547445  0.0410666
      0.25  0.0298318  0.0503049  0.0374532
      0.26  0.0213185  0.0395713  0.0277091
      0.27  0.0201224   0.037133  0.0261008
      0.28  0.0132977  0.0269517  0.0178087
      0.29 0.00977978  0.0235294  0.0138168
       0.3  0.0013368  0.0148148 0.00245232
      0.31 0.000914656 0.00797267 0.00164104
      0.32 0.000914656 0.00833333 0.00164839
      0.33 0.000703581 0.00768246  0.0012891
      0.34 0.000633223 0.00677507  0.0011582
      0.35 0.000422149 0.00597015 0.00078854
      0.36 0.000422149 0.00646204 0.000792524
      0.37 0.000422149 0.00766284 0.000800213
      0.38 0.000351791 0.00643777 0.000667126
      0.39 0.000351791 0.00826446 0.000674855
       0.4 0.000351791 0.00967742 0.000678902
      0.41 0.000351791  0.0132159 0.000685338
      0.42 0.000211074  0.0122699 0.00041501
      0.43 0.000211074  0.0163934 0.000416782
      0.44 0.000211074  0.0235294 0.000418395
      0.45 0.000211074  0.0273973 0.000418921
      0.46 0.000140716  0.0169492 0.000279115
      0.47 0.000140716  0.0181818 0.000279271
      0.48 0.000140716      0.025 0.000279857
      0.49          0          0          0
       0.5          0          0          0
      0.51          0          0          0
      0.52          0          0          0
      0.53          0          0          0
      0.54          0          0          0
      0.55          0          0          0
      0.56          0          0          0
      0.57          0          0          0
      0.58          0          0          0
      0.59          0          0          0
       0.6          0          0          0
      0.61          0          0          0
      0.62          0          0          0
      0.63          0          0          0
      0.64          0          0          0
      0.65          0          0          0
      0.66          0          0          0
      0.67          0          0          0
      0.68          0          0          0
      0.69          0          0          0
       0.7          0          0          0
      0.71          0          0          0
      0.72          0          0          0
      0.73          0          0          0
      0.74          0          0          0
      0.75          0          0          0
      0.76          0          0          0
      0.77          0          0          0
      0.78          0          0          0
      0.79          0          0          0
       0.8          0          0          0
      0.81          0          0          0
      0.82          0          0          0
      0.83          0          0          0
      0.84          0          0          0
      0.85          0          0          0
      0.86          0          0          0
      0.87          0          0          0
      0.88          0          0          0
      0.89          0          0          0
       0.9          0          0          0
      0.91          0          0          0
      0.92          0          0          0
      0.93          0          0          0
      0.94          0          0          0
      0.95          0          0          0
      0.96          0          0          0
      0.97          0          0          0
      0.98          0          0          0
      0.99          0          0          0
