         0          1   0.265439    0.41952
      0.01          1    0.32086   0.485835
      0.02   0.995687   0.377982   0.547951
      0.03   0.982387   0.375821    0.54366
      0.04   0.957426   0.332586    0.49368
      0.05   0.946124   0.315792   0.473532
      0.06   0.925876   0.323816    0.47982
      0.07   0.909381   0.330533   0.484841
      0.08   0.882144   0.353738    0.50498
      0.09   0.856104   0.369484   0.516187
       0.1   0.816726   0.388133     0.5262
      0.11   0.788051   0.405998   0.535902
      0.12   0.751028   0.417201   0.536418
      0.13   0.710691   0.426482   0.533071
      0.14   0.683014   0.430477   0.528108
      0.15   0.630417    0.43637   0.515745
      0.16   0.604337     0.4368   0.507089
      0.17   0.552298   0.429776   0.483394
      0.18   0.514597   0.418766   0.461762
      0.19   0.443908   0.399011   0.420263
       0.2   0.396501   0.387809   0.392107
      0.21   0.344183   0.366343   0.354918
      0.22   0.285674   0.340866   0.310839
      0.23   0.247055   0.326891    0.28142
      0.24   0.201645   0.300943   0.241485
      0.25   0.171852   0.290123   0.215848
      0.26   0.130197   0.274408   0.176602
      0.27   0.111346   0.264941   0.156796
      0.28  0.0975279   0.263228   0.142324
      0.29  0.0923759   0.272259   0.137947
       0.3  0.0806741   0.280945   0.125353
      0.31   0.072447   0.280107   0.115119
      0.32   0.068573   0.278302   0.110034
      0.33  0.0394584   0.258403  0.0684626
      0.34  0.0371421       0.25  0.0646754
      0.35  0.0255601   0.245399   0.046298
      0.36  0.0234834   0.244845  0.0428563
      0.37  0.0215664    0.24581  0.0396537
      0.38  0.0208475   0.249267  0.0384769
      0.39  0.0196893   0.232855  0.0363085
       0.4  0.0176924   0.224223  0.0327969
      0.41  0.0167738   0.222816   0.031199
      0.42  0.0165741   0.219653  0.0308225
      0.43  0.0149367    0.21371  0.0279219
      0.44  0.0144574   0.205628  0.0270155
      0.45  0.0123807   0.194508  0.0232796
      0.46  0.0109429   0.186398  0.0206722
      0.47  0.0107033   0.200565  0.0203221
      0.48 0.00934542     0.1875  0.0178035
      0.49 0.00674947   0.166667  0.0129736
       0.5 0.00623028   0.163424   0.012003
      0.51  0.0055114   0.176744  0.0106895
      0.52 0.00515196   0.184615  0.0100242
      0.53 0.00443308   0.196078 0.00867015
      0.54 0.00399377   0.204545 0.00783457
      0.55 0.00343464   0.201613 0.00675422
      0.56 0.00343464   0.208333 0.00675787
      0.57 0.00343464   0.219298 0.00676336
      0.58 0.00311514   0.216216 0.00614179
      0.59 0.00311514   0.226415 0.00614572
       0.6 0.00311514   0.228571 0.00614651
      0.61 0.00283558       0.23 0.00560209
      0.62 0.00283558   0.247312 0.00560687
      0.63 0.00263589   0.277778 0.00522222
      0.64 0.00263589    0.28125 0.00522283
      0.65 0.00235632       0.25 0.00466864
      0.66 0.00123807   0.203704 0.00246118
      0.67 0.000559128   0.186047  0.0011149
      0.68 0.000319502   0.333333 0.000638391
      0.69 7.98754e-05   0.285714 0.000159706
       0.7          0          0          0
      0.71          0          0          0
      0.72          0          0          0
      0.73          0          0          0
      0.74          0          0          0
      0.75          0          0          0
      0.76          0          0          0
      0.77          0          0          0
      0.78          0          0          0
      0.79          0          0          0
       0.8          0          0          0
      0.81          0          0          0
      0.82          0          0          0
      0.83          0          0          0
      0.84          0          0          0
      0.85          0          0          0
      0.86          0          0          0
      0.87          0          0          0
      0.88          0          0          0
      0.89          0          0          0
       0.9          0          0          0
      0.91          0          0          0
      0.92          0          0          0
      0.93          0          0          0
      0.94          0          0          0
      0.95          0          0          0
      0.96          0          0          0
      0.97          0          0          0
      0.98          0          0          0
      0.99          0          0          0
