         0          1   0.256164   0.407851
      0.01          1   0.384099   0.555016
      0.02   0.999536   0.444255   0.615115
      0.03   0.985955   0.437583   0.606147
      0.04   0.974173   0.436098   0.602487
      0.05   0.970517   0.446596   0.611707
      0.06   0.959779   0.430874   0.594748
      0.07   0.955543   0.434855   0.597703
      0.08   0.948404   0.472822   0.631042
      0.09   0.931457   0.484478   0.637417
       0.1   0.897795   0.499543   0.641916
      0.11   0.864016   0.518632   0.648186
      0.12   0.841091   0.528472   0.649102
      0.13    0.80325   0.540687    0.64632
      0.14   0.771155   0.543837   0.637848
      0.15   0.716019   0.540914   0.616269
      0.16   0.655369   0.529208    0.58557
      0.17   0.553337   0.510652   0.531138
      0.18   0.513639   0.501608   0.507552
      0.19    0.46036   0.492642   0.475954
       0.2   0.441149   0.486721   0.462816
      0.21   0.414103   0.476725   0.443213
      0.22   0.381776   0.470412   0.421485
      0.23   0.367208   0.465028    0.41037
      0.24   0.338595   0.446648   0.385188
      0.25   0.325015   0.443677   0.375187
      0.26    0.29025   0.418532   0.342782
      0.27   0.263668   0.391779   0.315203
      0.28   0.220371   0.348527   0.270014
      0.29   0.189031   0.325897   0.239275
       0.3   0.158445   0.293936     0.2059
      0.31   0.129019   0.266156   0.173792
      0.32   0.119965   0.249285    0.16198
      0.33  0.0890308   0.215576   0.126018
      0.34  0.0750435   0.199869   0.109117
      0.35  0.0484039   0.181884  0.0764599
      0.36  0.0442252   0.184231  0.0713279
      0.37  0.0305862   0.190736  0.0527185
      0.38  0.0270459   0.195906    0.04753
      0.39  0.0264074   0.195855  0.0465398
       0.4  0.0253047   0.191048  0.0446901
      0.41  0.0253047   0.198385  0.0448843
      0.42  0.0250725   0.207453  0.0447381
      0.43  0.0250725   0.206941  0.0447262
      0.44  0.0233314   0.204027  0.0418743
      0.45  0.0230412   0.202462  0.0413739
      0.46  0.0228671   0.195225  0.0409389
      0.47  0.0214742   0.189706  0.0385811
      0.48  0.0208358     0.1952  0.0376525
      0.49  0.0203714   0.195364  0.0368956
       0.5  0.0190946   0.185965  0.0346331
      0.51  0.0190946   0.185586  0.0346265
      0.52  0.0178178   0.179298  0.0324143
      0.53  0.0176436    0.17603  0.0320726
      0.54  0.0176436   0.172023  0.0320047
      0.55  0.0172954   0.168279   0.031367
      0.56  0.0172954   0.166667  0.0313387
      0.57  0.0170633   0.158416  0.0308081
      0.58  0.0168311   0.151697  0.0303003
      0.59  0.0155543   0.139676  0.0279914
       0.6  0.0154962   0.137931  0.0278622
      0.61  0.0154962   0.131417  0.0277234
      0.62    0.01509   0.120582  0.0268232
      0.63  0.0149158   0.119247  0.0265151
      0.64   0.013581   0.102345  0.0239799
      0.65  0.0125943  0.0965665  0.0222825
      0.66 0.00934417  0.0750552  0.0166193
      0.67 0.00899594  0.0688889  0.0159138
      0.68 0.00667441  0.0555556  0.0119171
      0.69 0.00499129  0.0364078 0.00877903
       0.7 0.00232153  0.0186916  0.0041301
      0.71          0          0          0
      0.72          0          0          0
      0.73          0          0          0
      0.74          0          0          0
      0.75          0          0          0
      0.76          0          0          0
      0.77          0          0          0
      0.78          0          0          0
      0.79          0          0          0
       0.8          0          0          0
      0.81          0          0          0
      0.82          0          0          0
      0.83          0          0          0
      0.84          0          0          0
      0.85          0          0          0
      0.86          0          0          0
      0.87          0          0          0
      0.88          0          0          0
      0.89          0          0          0
       0.9          0          0          0
      0.91          0          0          0
      0.92          0          0          0
      0.93          0          0          0
      0.94          0          0          0
      0.95          0          0          0
      0.96          0          0          0
      0.97          0          0          0
      0.98          0          0          0
      0.99          0          0          0
