         0          1   0.173626   0.295879
      0.01   0.991463    0.36561   0.534221
      0.02   0.973516   0.409175   0.576178
      0.03   0.952173   0.442598     0.6043
      0.04   0.877959   0.529169   0.660336
      0.05   0.834303   0.582067   0.685725
      0.06   0.759895   0.490814   0.596409
      0.07    0.74156   0.474326   0.578576
      0.08    0.72109   0.467873   0.567518
      0.09   0.717986    0.46528   0.564648
       0.1   0.704986   0.465066   0.560428
      0.11   0.689756   0.463708   0.554582
      0.12   0.675301   0.459903   0.547167
      0.13   0.668025   0.457672   0.543195
      0.14   0.661234   0.452115   0.537035
      0.15   0.645615    0.44596   0.527529
      0.16   0.628735   0.437545   0.515999
      0.17   0.596818   0.426055   0.497183
      0.18   0.580811   0.420134   0.487576
      0.19   0.544432   0.406167   0.465244
       0.2   0.532693   0.397758   0.455441
      0.21   0.505433   0.384067    0.43647
      0.22   0.476911   0.364937   0.413477
      0.23   0.456927   0.346655   0.394225
      0.24   0.405413     0.3039   0.347392
      0.25   0.354967   0.268832   0.305953
      0.26   0.283663   0.203181    0.23677
      0.27   0.249515   0.171474   0.203261
      0.28   0.179278    0.13352   0.153052
      0.29   0.147652   0.113844   0.128563
       0.3  0.0774156  0.0589307  0.0669201
      0.31  0.0317229   0.036478  0.0339347
      0.32  0.0136787  0.0311111  0.0190025
      0.33 0.00271634  0.0280862 0.00495359
      0.34 0.00271634  0.0282523 0.00495616
      0.35 0.00271634  0.0288397 0.00496503
      0.36 0.00232829  0.0199725 0.00417041
      0.37 0.00097012  0.0116874 0.00179153
      0.38 0.00097012  0.0118256 0.00179314
      0.39 0.00097012  0.0124708  0.0018002
       0.4 0.00097012  0.0129136 0.00180467
      0.41 0.00097012  0.0136402 0.00181141
      0.42 0.00097012  0.0149115 0.00182172
      0.43 0.00048506 0.00888889 0.000919921
      0.44 0.00048506  0.0106101 0.000927708
      0.45 0.00048506  0.0121766 0.000932955
      0.46 0.00048506     0.0125 0.000933881
      0.47          0          0          0
      0.48          0          0          0
      0.49          0          0          0
       0.5          0          0          0
      0.51          0          0          0
      0.52          0          0          0
      0.53          0          0          0
      0.54          0          0          0
      0.55          0          0          0
      0.56          0          0          0
      0.57          0          0          0
      0.58          0          0          0
      0.59          0          0          0
       0.6          0          0          0
      0.61          0          0          0
      0.62          0          0          0
      0.63          0          0          0
      0.64          0          0          0
      0.65          0          0          0
      0.66          0          0          0
      0.67          0          0          0
      0.68          0          0          0
      0.69          0          0          0
       0.7          0          0          0
      0.71          0          0          0
      0.72          0          0          0
      0.73          0          0          0
      0.74          0          0          0
      0.75          0          0          0
      0.76          0          0          0
      0.77          0          0          0
      0.78          0          0          0
      0.79          0          0          0
       0.8          0          0          0
      0.81          0          0          0
      0.82          0          0          0
      0.83          0          0          0
      0.84          0          0          0
      0.85          0          0          0
      0.86          0          0          0
      0.87          0          0          0
      0.88          0          0          0
      0.89          0          0          0
       0.9          0          0          0
      0.91          0          0          0
      0.92          0          0          0
      0.93          0          0          0
      0.94          0          0          0
      0.95          0          0          0
      0.96          0          0          0
      0.97          0          0          0
      0.98          0          0          0
      0.99          0          0          0
