         0          1   0.339259   0.506637
      0.01    0.99741   0.559287   0.716695
      0.02   0.989177     0.5525   0.708995
      0.03   0.976227   0.554938   0.707625
      0.04   0.937843    0.64936   0.767385
      0.05   0.914805   0.676808   0.778012
      0.06    0.87356   0.686931   0.769086
      0.07   0.849787   0.684375   0.758164
      0.08   0.810128   0.681947   0.740532
      0.09   0.788133   0.679601   0.729854
       0.1   0.750908   0.677521   0.712329
      0.11   0.696598   0.674001   0.685113
      0.12   0.665365   0.664525   0.664945
      0.13   0.613297   0.648584   0.630447
      0.14   0.580209   0.630733   0.604417
      0.15   0.491573   0.577017   0.530879
      0.16   0.420332   0.531136   0.469282
      0.17   0.324932    0.45975   0.380759
      0.18   0.256243    0.41123   0.315742
      0.19   0.184577   0.346411   0.240832
       0.2   0.150174   0.314876   0.203359
      0.21    0.10518   0.265337   0.150644
      0.22  0.0833784   0.242326   0.124068
      0.23  0.0689602   0.220678   0.105083
      0.24  0.0489756   0.199425  0.0786389
      0.25  0.0391573   0.183049   0.064514
      0.26  0.0332431   0.169268  0.0555722
      0.27  0.0274836   0.151627  0.0465327
      0.28  0.0250483   0.141162  0.0425469
      0.29   0.023966   0.132743  0.0406016
       0.3  0.0210669   0.122998  0.0359725
      0.31   0.016235   0.111619   0.028347
      0.32  0.0147275   0.104497  0.0258165
      0.33  0.0125242   0.093617  0.0220927
      0.34  0.0110939  0.0880309  0.0197046
      0.35 0.00776962  0.0693878  0.0139745
      0.36 0.00320835  0.0461783 0.00599985
      0.37 0.00123695  0.0491803 0.00241321
      0.38 0.000193274   0.142857 0.000386026
      0.39          0          0          0
       0.4          0          0          0
      0.41          0          0          0
      0.42          0          0          0
      0.43          0          0          0
      0.44          0          0          0
      0.45          0          0          0
      0.46          0          0          0
      0.47          0          0          0
      0.48          0          0          0
      0.49          0          0          0
       0.5          0          0          0
      0.51          0          0          0
      0.52          0          0          0
      0.53          0          0          0
      0.54          0          0          0
      0.55          0          0          0
      0.56          0          0          0
      0.57          0          0          0
      0.58          0          0          0
      0.59          0          0          0
       0.6          0          0          0
      0.61          0          0          0
      0.62          0          0          0
      0.63          0          0          0
      0.64          0          0          0
      0.65          0          0          0
      0.66          0          0          0
      0.67          0          0          0
      0.68          0          0          0
      0.69          0          0          0
       0.7          0          0          0
      0.71          0          0          0
      0.72          0          0          0
      0.73          0          0          0
      0.74          0          0          0
      0.75          0          0          0
      0.76          0          0          0
      0.77          0          0          0
      0.78          0          0          0
      0.79          0          0          0
       0.8          0          0          0
      0.81          0          0          0
      0.82          0          0          0
      0.83          0          0          0
      0.84          0          0          0
      0.85          0          0          0
      0.86          0          0          0
      0.87          0          0          0
      0.88          0          0          0
      0.89          0          0          0
       0.9          0          0          0
      0.91          0          0          0
      0.92          0          0          0
      0.93          0          0          0
      0.94          0          0          0
      0.95          0          0          0
      0.96          0          0          0
      0.97          0          0          0
      0.98          0          0          0
      0.99          0          0          0
