         0          1   0.310743   0.474148
      0.01   0.999639   0.380479   0.551173
      0.02   0.998115   0.499476   0.665782
      0.03    0.99627   0.509141   0.673892
      0.04   0.991457   0.444488   0.613799
      0.05   0.984198   0.404903   0.573759
      0.06   0.969639   0.373707    0.53949
      0.07   0.960213    0.38342   0.548014
      0.08   0.946015   0.409873   0.571944
      0.09   0.936029   0.433767   0.592816
       0.1   0.919264    0.47369   0.625212
      0.11   0.903261   0.515406   0.656315
      0.12    0.88806   0.536785   0.669122
      0.13   0.860667   0.564281    0.68165
      0.14   0.832551   0.575326   0.680441
      0.15   0.784823   0.582942   0.668984
      0.16    0.75009   0.582999   0.656073
      0.17   0.699555   0.577268   0.632556
      0.18   0.665022   0.567864   0.612615
      0.19   0.614206   0.554415   0.582781
       0.2   0.577909   0.545247   0.561103
      0.21    0.53375   0.529723   0.531729
      0.22   0.480528   0.503239   0.491621
      0.23   0.441664   0.479408   0.459762
      0.24   0.390085   0.443882   0.415248
      0.25   0.345606   0.412764   0.376212
      0.26   0.286006   0.372331   0.323509
      0.27   0.247142   0.342536   0.287123
      0.28    0.20138   0.299751    0.24091
      0.29   0.178799   0.273575   0.216259
       0.3   0.129828    0.22865   0.165618
      0.31  0.0989051   0.198622   0.132053
      0.32  0.0844263   0.184725   0.115887
      0.33  0.0638912   0.168766  0.0926914
      0.34  0.0516986   0.160281  0.0781801
      0.35  0.0433963   0.146405  0.0669483
      0.36  0.0360566   0.139257  0.0572818
      0.37  0.0256287   0.126703  0.0426337
      0.38  0.0147596   0.120557  0.0262993
      0.39  0.0109895   0.119371  0.0201261
       0.4  0.0101873   0.119621  0.0187756
      0.41 0.00754021   0.118708  0.0141797
      0.42 0.00709903   0.120662  0.0134091
      0.43 0.00685838    0.12215  0.0129875
      0.44 0.00645731   0.125984  0.0122849
      0.45  0.0064172   0.133962  0.0122477
      0.46 0.00601612   0.143167   0.011547
      0.47 0.00581559    0.14901  0.0111943
      0.48 0.00553483   0.158974  0.0106972
      0.49 0.00393053   0.152327 0.00766333
       0.5 0.00381021   0.156573 0.00743939
      0.51    0.00373   0.161787 0.00729188
      0.52 0.00344924   0.160126 0.00675302
      0.53 0.00336903   0.159164 0.00659839
      0.54 0.00324871   0.153344 0.00636262
      0.55 0.00316849   0.155779 0.00621066
      0.56 0.00316849    0.15736  0.0062119
      0.57 0.00316849   0.158433 0.00621273
      0.58 0.00316849   0.157534 0.00621204
      0.59 0.00316849   0.158895 0.00621309
       0.6 0.00316849   0.161121 0.00621477
      0.61 0.00316849   0.171154  0.0062218
      0.62 0.00316849   0.212121 0.00624372
      0.63 0.00316849   0.246753 0.00625664
      0.64 0.00292785   0.211454 0.00577572
      0.65 0.00176473   0.120879 0.00347867
      0.66 0.000200537  0.0387597 0.00039901
      0.67 0.00016043   0.031746 0.000319247
      0.68          0          0          0
      0.69          0          0          0
       0.7          0          0          0
      0.71          0          0          0
      0.72          0          0          0
      0.73          0          0          0
      0.74          0          0          0
      0.75          0          0          0
      0.76          0          0          0
      0.77          0          0          0
      0.78          0          0          0
      0.79          0          0          0
       0.8          0          0          0
      0.81          0          0          0
      0.82          0          0          0
      0.83          0          0          0
      0.84          0          0          0
      0.85          0          0          0
      0.86          0          0          0
      0.87          0          0          0
      0.88          0          0          0
      0.89          0          0          0
       0.9          0          0          0
      0.91          0          0          0
      0.92          0          0          0
      0.93          0          0          0
      0.94          0          0          0
      0.95          0          0          0
      0.96          0          0          0
      0.97          0          0          0
      0.98          0          0          0
      0.99          0          0          0
