         0          1   0.216663    0.35616
      0.01          1   0.503186   0.669492
      0.02   0.999864    0.64844    0.78669
      0.03   0.998732   0.688833   0.815328
      0.04   0.997373   0.716895   0.834189
      0.05    0.99615   0.701719   0.823406
      0.06   0.991259   0.683727   0.809261
      0.07   0.987726   0.639155   0.776099
      0.08   0.981295   0.627108   0.765204
      0.09   0.977129    0.63042   0.766386
       0.1   0.972192   0.641403   0.772891
      0.11   0.969882   0.652382   0.780062
      0.12   0.962817   0.657584   0.781452
      0.13   0.955072   0.671008   0.788228
      0.14   0.950045   0.674585   0.788962
      0.15   0.940399   0.686757   0.793809
      0.16   0.933786    0.68927    0.79311
      0.17    0.91721   0.686406   0.785198
      0.18   0.892663   0.681292   0.772785
      0.19   0.859284   0.674424   0.755713
       0.2   0.823143   0.667225   0.737028
      0.21   0.797056    0.65939   0.721717
      0.22   0.759375   0.647514   0.698997
      0.23   0.743931   0.639504   0.687776
      0.24   0.717754      0.625   0.668173
      0.25   0.677672   0.607369   0.640597
      0.26   0.617844   0.575398   0.595866
      0.27   0.579982   0.553142   0.566244
      0.28   0.493659        0.5   0.496809
      0.29   0.430163   0.451861   0.440745
       0.3   0.328759   0.380495    0.35274
      0.31   0.266712   0.325512   0.293193
      0.32   0.234284   0.289042   0.258798
      0.33   0.158243   0.234723    0.18904
      0.34   0.130616   0.212941   0.161915
      0.35   0.108922   0.185321   0.137203
      0.36  0.0830616   0.161514   0.109705
      0.37   0.045471    0.12283  0.0663717
      0.38  0.0309783   0.111187   0.048456
      0.39  0.0240489   0.106324  0.0392256
       0.4  0.0233696   0.104079  0.0381688
      0.41  0.0231431    0.10207  0.0377312
      0.42  0.0220109   0.100073  0.0360849
      0.43  0.0217844  0.0973978  0.0356052
      0.44  0.0209239  0.0925076  0.0341285
      0.45  0.0201087   0.088993  0.0328049
      0.46   0.019067   0.083871  0.0310706
      0.47  0.0182971  0.0785773  0.0296825
      0.48  0.0174366  0.0743945  0.0282516
      0.49  0.0161685  0.0712378  0.0263552
       0.5  0.0133605  0.0632672   0.022062
      0.51  0.0115036   0.062753   0.019443
      0.52 0.00987319  0.0601504  0.0169622
      0.53 0.00720109  0.0566038  0.0127767
      0.54 0.00561594  0.0505319  0.0101085
      0.55 0.00398551   0.044843  0.0073204
      0.56 0.00326087  0.0441176 0.00607287
      0.57 0.00240036  0.0338078 0.00448247
      0.58 0.00240036  0.0377358 0.00451362
      0.59 0.000724638   0.108108 0.00143963
       0.6          0          0          0
      0.61          0          0          0
      0.62          0          0          0
      0.63          0          0          0
      0.64          0          0          0
      0.65          0          0          0
      0.66          0          0          0
      0.67          0          0          0
      0.68          0          0          0
      0.69          0          0          0
       0.7          0          0          0
      0.71          0          0          0
      0.72          0          0          0
      0.73          0          0          0
      0.74          0          0          0
      0.75          0          0          0
      0.76          0          0          0
      0.77          0          0          0
      0.78          0          0          0
      0.79          0          0          0
       0.8          0          0          0
      0.81          0          0          0
      0.82          0          0          0
      0.83          0          0          0
      0.84          0          0          0
      0.85          0          0          0
      0.86          0          0          0
      0.87          0          0          0
      0.88          0          0          0
      0.89          0          0          0
       0.9          0          0          0
      0.91          0          0          0
      0.92          0          0          0
      0.93          0          0          0
      0.94          0          0          0
      0.95          0          0          0
      0.96          0          0          0
      0.97          0          0          0
      0.98          0          0          0
      0.99          0          0          0
