         0          1   0.364376   0.534128
      0.01          1   0.396245   0.567586
      0.02   0.998757   0.463782   0.633426
      0.03   0.997151   0.468859   0.637817
      0.04   0.993214    0.43091   0.601052
      0.05   0.985341    0.40428   0.573327
      0.06   0.968816   0.388044   0.554137
      0.07   0.947889   0.394998   0.557625
      0.08   0.906967   0.416256   0.570622
      0.09   0.873556   0.428977   0.575395
       0.1   0.818234   0.450546   0.581112
      0.11    0.75597   0.472867   0.581808
      0.12   0.713131   0.488993   0.580166
      0.13    0.64605   0.509108   0.569462
      0.14   0.598394   0.520203   0.556566
      0.15   0.519917   0.534967   0.527335
      0.16   0.467599   0.539383   0.500932
      0.17    0.40259   0.547909   0.464141
      0.18    0.37006   0.550237    0.44251
      0.19   0.327635   0.550374   0.410752
       0.2    0.30821   0.551353   0.395393
      0.21   0.271691   0.551416   0.364023
      0.22   0.234292   0.541011    0.32698
      0.23   0.216628     0.5369   0.308701
      0.24   0.189122   0.531365   0.278958
      0.25   0.165294   0.522688   0.251161
      0.26   0.139498   0.508165   0.218903
      0.27   0.126081   0.510014   0.202181
      0.28   0.101062   0.501241   0.168209
      0.29  0.0914789   0.495362   0.154438
       0.3  0.0742295   0.475302   0.128405
      0.31  0.0548563   0.425303  0.0971783
      0.32  0.0430976   0.410217  0.0780005
      0.33  0.0322196   0.392265  0.0595481
      0.34  0.0249676   0.388548  0.0469202
      0.35   0.019943   0.411765  0.0380435
      0.36  0.0185962   0.431877  0.0356571
      0.37  0.0175602   0.444118  0.0337846
      0.38   0.017094   0.449231  0.0329348
      0.39  0.0117068   0.466667  0.0228406
       0.4   0.011396   0.453532  0.0222334
      0.41  0.0105672   0.461224  0.0206611
      0.42 0.00849521   0.440529   0.016669
      0.43 0.00849521   0.442922  0.0166707
      0.44 0.00839161   0.442308  0.0164707
      0.45 0.00833981      0.455  0.0163794
      0.46 0.00792541   0.458101  0.0155813
      0.47 0.00709661   0.445122  0.0139705
      0.48 0.00704481   0.455128  0.0138748
      0.49 0.00694121   0.462069   0.013677
       0.5 0.00631961   0.442029  0.0124611
      0.51 0.00621601   0.443609  0.0122602
      0.52 0.00621601    0.44186  0.0122595
      0.53 0.00621601   0.478632  0.0122726
      0.54 0.00590521   0.495413  0.0116713
      0.55 0.00554261        0.5  0.0109637
      0.56 0.00538721   0.479592  0.0106547
      0.57 0.00502461   0.456522 0.00993981
      0.58  0.0047656    0.44186 0.00942951
      0.59  0.0035742   0.397436 0.00708469
       0.6   0.003367   0.378378 0.00667461
      0.61  0.0030562   0.380952 0.00606376
      0.62  0.0026418   0.350877 0.00524412
      0.63   0.002331       0.34 0.00463026
      0.64   0.002331   0.372093 0.00463298
      0.65   0.002072       0.48 0.00412619
      0.66  0.0015022   0.380952  0.0029926
      0.67  0.0013468   0.428571 0.00268516
      0.68  0.0011396   0.444444 0.00227337
      0.69          0          0          0
       0.7          0          0          0
      0.71          0          0          0
      0.72          0          0          0
      0.73          0          0          0
      0.74          0          0          0
      0.75          0          0          0
      0.76          0          0          0
      0.77          0          0          0
      0.78          0          0          0
      0.79          0          0          0
       0.8          0          0          0
      0.81          0          0          0
      0.82          0          0          0
      0.83          0          0          0
      0.84          0          0          0
      0.85          0          0          0
      0.86          0          0          0
      0.87          0          0          0
      0.88          0          0          0
      0.89          0          0          0
       0.9          0          0          0
      0.91          0          0          0
      0.92          0          0          0
      0.93          0          0          0
      0.94          0          0          0
      0.95          0          0          0
      0.96          0          0          0
      0.97          0          0          0
      0.98          0          0          0
      0.99          0          0          0
