         0          1   0.374026   0.544424
      0.01   0.972115   0.412229   0.578951
      0.02   0.935351   0.458014    0.61492
      0.03   0.902103   0.441241   0.592618
      0.04   0.870941   0.388904   0.537705
      0.05   0.851278   0.372269   0.518009
      0.06   0.821844   0.363012   0.503587
      0.07   0.804564    0.36829   0.505285
      0.08   0.779956   0.388574   0.518721
      0.09   0.761723   0.403455   0.527509
       0.1   0.727879   0.415782   0.529246
      0.11   0.678782   0.427419   0.524542
      0.12   0.635405   0.436123   0.517233
      0.13   0.561997   0.447227   0.498086
      0.14   0.517667   0.457253   0.485588
      0.15   0.447357   0.469488   0.458156
      0.16   0.395996   0.475745   0.432223
      0.17   0.322469   0.470229   0.382578
      0.18    0.28225   0.469842   0.352651
      0.19   0.211285   0.467238   0.290986
       0.2   0.180182   0.463051   0.259419
      0.21   0.144849   0.457335   0.220014
      0.22   0.121313   0.435897   0.189803
      0.23   0.111303   0.438413   0.177534
      0.24  0.0925341       0.43   0.152295
      0.25  0.0800215    0.40866   0.133836
      0.26  0.0699517   0.382677   0.118282
      0.27  0.0618483    0.36413   0.105737
      0.28  0.0538044   0.337778  0.0928231
      0.29   0.038253   0.291892  0.0676414
       0.3  0.0328308   0.281787  0.0588098
      0.31  0.0255616   0.272222  0.0467348
      0.32  0.0145981   0.210084  0.0272993
      0.33 0.00995055        0.2  0.0189579
      0.34 0.00542215   0.122807  0.0103858
      0.35 0.00464756   0.107143 0.00890869
      0.36          0          0          0
      0.37          0          0          0
      0.38          0          0          0
      0.39          0          0          0
       0.4          0          0          0
      0.41          0          0          0
      0.42          0          0          0
      0.43          0          0          0
      0.44          0          0          0
      0.45          0          0          0
      0.46          0          0          0
      0.47          0          0          0
      0.48          0          0          0
      0.49          0          0          0
       0.5          0          0          0
      0.51          0          0          0
      0.52          0          0          0
      0.53          0          0          0
      0.54          0          0          0
      0.55          0          0          0
      0.56          0          0          0
      0.57          0          0          0
      0.58          0          0          0
      0.59          0          0          0
       0.6          0          0          0
      0.61          0          0          0
      0.62          0          0          0
      0.63          0          0          0
      0.64          0          0          0
      0.65          0          0          0
      0.66          0          0          0
      0.67          0          0          0
      0.68          0          0          0
      0.69          0          0          0
       0.7          0          0          0
      0.71          0          0          0
      0.72          0          0          0
      0.73          0          0          0
      0.74          0          0          0
      0.75          0          0          0
      0.76          0          0          0
      0.77          0          0          0
      0.78          0          0          0
      0.79          0          0          0
       0.8          0          0          0
      0.81          0          0          0
      0.82          0          0          0
      0.83          0          0          0
      0.84          0          0          0
      0.85          0          0          0
      0.86          0          0          0
      0.87          0          0          0
      0.88          0          0          0
      0.89          0          0          0
       0.9          0          0          0
      0.91          0          0          0
      0.92          0          0          0
      0.93          0          0          0
      0.94          0          0          0
      0.95          0          0          0
      0.96          0          0          0
      0.97          0          0          0
      0.98          0          0          0
      0.99          0          0          0
