         0          1   0.176767   0.300428
      0.01   0.999911   0.277964   0.435002
      0.02   0.999197   0.367368    0.53722
      0.03   0.994155   0.412406   0.582976
      0.04    0.97885   0.431033   0.598513
      0.05   0.975592   0.400616   0.567993
      0.06   0.970729   0.313415   0.473843
      0.07   0.966177   0.274987   0.428124
      0.08   0.959395   0.250291   0.397009
      0.09   0.957833   0.257792   0.406247
       0.1   0.920753   0.275712   0.424354
      0.11   0.882111    0.29715   0.444549
      0.12   0.867476   0.314695   0.461846
      0.13   0.857659   0.344435   0.491489
      0.14   0.852082   0.365228   0.511298
      0.15   0.826023    0.38528   0.525467
      0.16   0.812012   0.403414   0.539033
      0.17   0.779974   0.423753   0.549155
      0.18   0.772076   0.437164   0.558242
      0.19   0.761769   0.462998   0.575942
       0.2   0.751684   0.490152   0.593378
      0.21    0.74865   0.534936   0.624002
      0.22   0.739905   0.585862   0.653934
      0.23   0.731516   0.598969    0.65864
      0.24   0.724689   0.603968   0.658844
      0.25    0.71929   0.606119   0.657872
      0.26   0.697782   0.603789   0.647392
      0.27   0.689706   0.600175   0.641833
      0.28   0.668868   0.589385   0.626616
      0.29   0.649101   0.576603   0.610708
       0.3   0.584802   0.531111   0.556665
      0.31   0.477756    0.46554   0.471569
      0.32   0.455178   0.445122   0.450094
      0.33   0.412253   0.410534   0.411392
      0.34   0.374459   0.380121   0.377269
      0.35   0.308643   0.318599   0.313542
      0.36   0.261479   0.272484   0.266868
      0.37   0.183704   0.207565   0.194907
      0.38   0.143412   0.181363    0.16017
      0.39   0.114453   0.155119   0.131718
       0.4  0.0997724   0.131775   0.113562
      0.41  0.0717059   0.108079  0.0862129
      0.42  0.0226228  0.0598389  0.0328328
      0.43 0.00410513  0.0477855 0.00756073
      0.44 0.00410513  0.0478413 0.00756143
      0.45 0.00410513  0.0467836 0.00754794
      0.46 0.00410513  0.0434783 0.00750194
      0.47 0.00410513  0.0426036 0.00748867
      0.48 0.00410513  0.0407674 0.00745915
      0.49 0.00410513  0.0410628 0.00746406
       0.5 0.00410513   0.040146  0.0074486
      0.51  0.0038374  0.0380368 0.00697147
      0.52 0.00379278  0.0372671 0.00688487
      0.53 0.00370354  0.0368957 0.00673139
      0.54 0.00370354  0.0367937 0.00672969
      0.55  0.0036143  0.0351827 0.00655518
      0.56 0.00356968  0.0334728 0.00645135
      0.57 0.00343581  0.0318841 0.00620317
      0.58 0.00339119  0.0297619 0.00608862
      0.59 0.00316809  0.0283465 0.00569921
       0.6 0.00263264  0.0265781 0.00479074
      0.61 0.00258801  0.0250896 0.00469204
      0.62 0.000624693   0.023301 0.00121677
      0.63 0.000624693  0.0229167 0.00121623
      0.64 0.000624693  0.0239234 0.00121759
      0.65 0.00049083  0.0243902 0.000962296
      0.66 0.00049083   0.029304 0.000965489
      0.67 0.000356968   0.030303 0.000705623
      0.68 0.000133863 0.00909091 0.000263841
      0.69          0          0          0
       0.7          0          0          0
      0.71          0          0          0
      0.72          0          0          0
      0.73          0          0          0
      0.74          0          0          0
      0.75          0          0          0
      0.76          0          0          0
      0.77          0          0          0
      0.78          0          0          0
      0.79          0          0          0
       0.8          0          0          0
      0.81          0          0          0
      0.82          0          0          0
      0.83          0          0          0
      0.84          0          0          0
      0.85          0          0          0
      0.86          0          0          0
      0.87          0          0          0
      0.88          0          0          0
      0.89          0          0          0
       0.9          0          0          0
      0.91          0          0          0
      0.92          0          0          0
      0.93          0          0          0
      0.94          0          0          0
      0.95          0          0          0
      0.96          0          0          0
      0.97          0          0          0
      0.98          0          0          0
      0.99          0          0          0
