         0          1    0.48887   0.656699
      0.01   0.999584   0.589316   0.741482
      0.02   0.992176   0.706686   0.825443
      0.03    0.97983   0.669736   0.795636
      0.04   0.966408   0.572705   0.719202
      0.05   0.957728   0.566149   0.711628
      0.06   0.937778   0.597055   0.729598
      0.07   0.917852   0.630543   0.747542
      0.08   0.876754   0.684328   0.768681
      0.09   0.852085   0.722449   0.781931
       0.1   0.819373   0.773087   0.795557
      0.11   0.782407    0.80982   0.795878
      0.12   0.748179   0.828627   0.786351
      0.13   0.684441   0.850229    0.75838
      0.14   0.642096   0.854488   0.733221
      0.15    0.56606   0.867982   0.685238
      0.16   0.512371   0.866686   0.644012
      0.17   0.449196   0.868824    0.59221
      0.18   0.390177   0.867641   0.538287
      0.19   0.315266   0.858279   0.461143
       0.2   0.270085   0.850892   0.410023
      0.21   0.206811   0.826619   0.330848
      0.22   0.149895   0.804745   0.252718
      0.23   0.125104   0.793139   0.216119
      0.24   0.100313   0.786346   0.177928
      0.25  0.0828321   0.775298   0.149673
      0.26  0.0618552   0.777574   0.114594
      0.27   0.055523   0.780335    0.10367
      0.28  0.0384578   0.761394  0.0732174
      0.29  0.0287272   0.770492  0.0553893
       0.3  0.0227373   0.772727  0.0441747
      0.31  0.0181898   0.743842  0.0355113
      0.32  0.0158672   0.710059  0.0310407
      0.33   0.011173   0.656489  0.0219721
      0.34  0.0104151       0.64  0.0204967
      0.35 0.00794582    0.59434   0.015682
      0.36 0.00713902   0.561224  0.0140987
      0.37 0.00330057   0.481013 0.00655616
      0.38 0.00134468   0.459459 0.00268151
      0.39 0.00134468   0.424242 0.00268086
       0.4 0.00124688    0.40678 0.00248614
      0.41 0.00105129      0.375 0.00209671
      0.42 0.00092905   0.326923 0.00185283
      0.43 0.00073346   0.285714 0.00146316
      0.44 0.000611217    0.26087 0.00121958
      0.45 0.000513422   0.232558 0.00102458
      0.46 0.000513422       0.25 0.00102474
      0.47 0.000488974       0.25 0.000976038
      0.48 0.000415628   0.470588 0.000830522
      0.49 0.000391179        0.5 0.000781746
       0.5 0.000317833   0.714286 0.000635383
      0.51 0.000293384        0.8 0.000586553
      0.52 0.000244487          1 0.000488854
      0.53          0          0          0
      0.54          0          0          0
      0.55          0          0          0
      0.56          0          0          0
      0.57          0          0          0
      0.58          0          0          0
      0.59          0          0          0
       0.6          0          0          0
      0.61          0          0          0
      0.62          0          0          0
      0.63          0          0          0
      0.64          0          0          0
      0.65          0          0          0
      0.66          0          0          0
      0.67          0          0          0
      0.68          0          0          0
      0.69          0          0          0
       0.7          0          0          0
      0.71          0          0          0
      0.72          0          0          0
      0.73          0          0          0
      0.74          0          0          0
      0.75          0          0          0
      0.76          0          0          0
      0.77          0          0          0
      0.78          0          0          0
      0.79          0          0          0
       0.8          0          0          0
      0.81          0          0          0
      0.82          0          0          0
      0.83          0          0          0
      0.84          0          0          0
      0.85          0          0          0
      0.86          0          0          0
      0.87          0          0          0
      0.88          0          0          0
      0.89          0          0          0
       0.9          0          0          0
      0.91          0          0          0
      0.92          0          0          0
      0.93          0          0          0
      0.94          0          0          0
      0.95          0          0          0
      0.96          0          0          0
      0.97          0          0          0
      0.98          0          0          0
      0.99          0          0          0
