         0          1   0.289124   0.448559
      0.01   0.996363   0.413326   0.584275
      0.02   0.990254   0.512047    0.67504
      0.03   0.982302   0.500221   0.662881
      0.04   0.970374   0.454027   0.618613
      0.05    0.96281   0.419421   0.584306
      0.06   0.951852   0.422051   0.584801
      0.07   0.946567   0.444739   0.605152
      0.08   0.929306   0.486386   0.638559
      0.09   0.914372   0.520954   0.663745
       0.1   0.893377   0.568276   0.694672
      0.11   0.869182   0.598112   0.708608
      0.12   0.854781   0.612609   0.713711
      0.13   0.819288   0.623659   0.708212
      0.14   0.794754   0.634981    0.70594
      0.15   0.756643   0.641063   0.694074
      0.16   0.715671   0.638136   0.674683
      0.17   0.635619   0.623754    0.62963
      0.18    0.59935   0.618738    0.60889
      0.19   0.549457   0.619888   0.582551
       0.2   0.511298   0.616345   0.558928
      0.21   0.471732   0.612984   0.533161
      0.22   0.406759   0.589496   0.481368
      0.23    0.35963   0.565166   0.439557
      0.24   0.275165   0.515726    0.35886
      0.25   0.231381   0.490642   0.314464
      0.26   0.201416   0.460123   0.280183
      0.27   0.171596   0.406696   0.241357
      0.28   0.123254   0.332372   0.179824
      0.29   0.101241   0.300307   0.151431
       0.3  0.0822828   0.274878   0.126653
      0.31  0.0792766   0.255085    0.12096
      0.32  0.0751067   0.238646   0.114255
      0.33  0.0695791   0.229991   0.106837
      0.34  0.0615787   0.218216  0.0960524
      0.35  0.0491175   0.203611  0.0791432
      0.36  0.0465962   0.203158  0.0758056
      0.37  0.0406323   0.195969  0.0673087
      0.38  0.0348138   0.190533  0.0588708
      0.39  0.0262316   0.172716  0.0455458
       0.4  0.0192494   0.162516  0.0344217
      0.41  0.0124612   0.153215  0.0230479
      0.42 0.00940652   0.150725  0.0177079
      0.43 0.00940652   0.152819  0.0177222
      0.44 0.00858223   0.148773  0.0162283
      0.45 0.00858223    0.15047  0.0162383
      0.46 0.00858223   0.142405  0.0161888
      0.47 0.00858223   0.139683  0.0161709
      0.48 0.00853375    0.13738  0.0160693
      0.49 0.00853375      0.136  0.0160598
       0.5 0.00838829   0.138047  0.0158156
      0.51 0.00693367   0.125683  0.0131423
      0.52 0.00673972   0.119626  0.0127605
      0.53 0.00673972    0.11284  0.0127197
      0.54 0.00610939   0.106426  0.0115554
      0.55 0.00281226   0.095339 0.00546336
      0.56 0.00281226  0.0967742 0.00546568
      0.57 0.00281226   0.103687 0.00547599
      0.58 0.00281226   0.111392 0.00548601
      0.59 0.00281226   0.120944  0.0054967
       0.6 0.00281226       0.13 0.00550542
      0.61 0.00276377   0.148148 0.00542631
      0.62 0.00252133   0.143498  0.0049556
      0.63 0.00237587   0.140845 0.00467292
      0.64 0.00232739   0.126374  0.0045706
      0.65 0.00164856   0.116959  0.0032513
      0.66 0.000775795  0.0758621 0.00153588
      0.67 0.000678821  0.0526316 0.00134035
      0.68          0          0          0
      0.69          0          0          0
       0.7          0          0          0
      0.71          0          0          0
      0.72          0          0          0
      0.73          0          0          0
      0.74          0          0          0
      0.75          0          0          0
      0.76          0          0          0
      0.77          0          0          0
      0.78          0          0          0
      0.79          0          0          0
       0.8          0          0          0
      0.81          0          0          0
      0.82          0          0          0
      0.83          0          0          0
      0.84          0          0          0
      0.85          0          0          0
      0.86          0          0          0
      0.87          0          0          0
      0.88          0          0          0
      0.89          0          0          0
       0.9          0          0          0
      0.91          0          0          0
      0.92          0          0          0
      0.93          0          0          0
      0.94          0          0          0
      0.95          0          0          0
      0.96          0          0          0
      0.97          0          0          0
      0.98          0          0          0
      0.99          0          0          0
