         0          1   0.363236   0.532903
      0.01          1   0.416316   0.587885
      0.02   0.999742   0.430392   0.601735
      0.03   0.999526   0.416975    0.58846
      0.04   0.996211   0.391897   0.562509
      0.05    0.98704   0.394471    0.56367
      0.06   0.933953   0.431899   0.590655
      0.07    0.88487    0.45583   0.601701
      0.08   0.740808     0.4868   0.587525
      0.09   0.641006   0.506958   0.566156
       0.1   0.497632    0.53551   0.515877
      0.11   0.399079   0.558212   0.465419
      0.12   0.341557   0.568926   0.426852
      0.13   0.299104    0.57974   0.394615
      0.14    0.27495   0.573421   0.371683
      0.15   0.256221   0.564143   0.352393
      0.16   0.248601   0.559084   0.344166
      0.17   0.241281   0.551282   0.335655
      0.18   0.240549   0.542652   0.333336
      0.19   0.226643   0.514145   0.314603
       0.2   0.207569   0.483994   0.290537
      0.21   0.172694   0.443182    0.24854
      0.22   0.138379   0.405957   0.206402
      0.23   0.111039   0.383162   0.172181
      0.24  0.0821493   0.355476   0.133457
      0.25  0.0657883   0.345289   0.110519
      0.26  0.0548954   0.336823  0.0944047
      0.27  0.0524412    0.33292  0.0906097
      0.28  0.0451218     0.3275  0.0793158
      0.29  0.0437871   0.325815  0.0771992
       0.3  0.0412469   0.325392  0.0732132
      0.31  0.0412469   0.325392  0.0732132
      0.32  0.0412469   0.325392  0.0732132
      0.33  0.0412469   0.325392  0.0732132
      0.34  0.0412469   0.325392  0.0732132
      0.35  0.0412469   0.325392  0.0732132
      0.36  0.0412469   0.325392  0.0732132
      0.37  0.0412469   0.324545  0.0731917
      0.38  0.0412469   0.324545  0.0731917
      0.39  0.0412469   0.324749  0.0731969
       0.4  0.0412469   0.324528  0.0731913
      0.41  0.0412469   0.322397  0.0731368
      0.42  0.0412469   0.321497  0.0731135
      0.43  0.0409885   0.316731  0.0725839
      0.44   0.040558   0.306632  0.0716402
      0.45  0.0384052   0.294402  0.0679467
      0.46  0.0362094   0.280204  0.0641314
      0.47  0.0354775   0.277569  0.0629137
      0.48  0.0340567   0.274463  0.0605945
      0.49  0.0324636   0.264151  0.0578211
       0.5    0.03044   0.260094  0.0545015
      0.51  0.0279428   0.254413   0.050355
      0.52  0.0266081   0.263514  0.0483356
      0.53  0.0247998   0.289157  0.0456817
      0.54   0.024154   0.320061  0.0449181
      0.55  0.0237665   0.338053  0.0444107
      0.56  0.0224748   0.359244  0.0423031
      0.57  0.0168776    0.36646  0.0322691
      0.58 0.00886937   0.302326  0.0172332
      0.59  0.0041333   0.314815 0.00815947
       0.6 0.00189443   0.363636 0.00376922
      0.61          0          0          0
      0.62          0          0          0
      0.63          0          0          0
      0.64          0          0          0
      0.65          0          0          0
      0.66          0          0          0
      0.67          0          0          0
      0.68          0          0          0
      0.69          0          0          0
       0.7          0          0          0
      0.71          0          0          0
      0.72          0          0          0
      0.73          0          0          0
      0.74          0          0          0
      0.75          0          0          0
      0.76          0          0          0
      0.77          0          0          0
      0.78          0          0          0
      0.79          0          0          0
       0.8          0          0          0
      0.81          0          0          0
      0.82          0          0          0
      0.83          0          0          0
      0.84          0          0          0
      0.85          0          0          0
      0.86          0          0          0
      0.87          0          0          0
      0.88          0          0          0
      0.89          0          0          0
       0.9          0          0          0
      0.91          0          0          0
      0.92          0          0          0
      0.93          0          0          0
      0.94          0          0          0
      0.95          0          0          0
      0.96          0          0          0
      0.97          0          0          0
      0.98          0          0          0
      0.99          0          0          0
