         0          1   0.164811   0.282983
      0.01          1   0.205241   0.340582
      0.02   0.999047   0.228874   0.372427
      0.03   0.995618   0.169939   0.290324
      0.04    0.98914   0.153754   0.266138
      0.05   0.980756   0.168845   0.288092
      0.06   0.948366   0.194407    0.32267
      0.07   0.922645   0.212918   0.345991
      0.08   0.855864    0.24806   0.384638
      0.09   0.817091   0.269194   0.404969
       0.1   0.730209   0.294007   0.419222
      0.11   0.627417   0.314699   0.419157
      0.12   0.594837   0.316346   0.413033
      0.13   0.495761    0.29321   0.368485
      0.14   0.412499    0.26646   0.323774
      0.15   0.295799    0.20466    0.24193
      0.16   0.237782   0.171185   0.199061
      0.17   0.183386    0.13432   0.155064
      0.18   0.160998   0.110286   0.130902
      0.19   0.100981  0.0858496  0.0928027
       0.2  0.0894541   0.076368  0.0823947
      0.21  0.0633514  0.0648318  0.0640831
      0.22  0.0390588   0.057072  0.0463777
      0.23  0.0350576  0.0542394  0.0425883
      0.24  0.0228637  0.0507201  0.0315191
      0.25  0.0133371  0.0489642   0.020964
      0.26 0.00562065   0.049359  0.0100921
      0.27 0.00523959  0.0461437 0.00941061
      0.28 0.00523959  0.0487465 0.00946213
      0.29 0.00523959  0.0483755 0.00945509
       0.3 0.00514433  0.0471204 0.00927596
      0.31 0.00504906  0.0488574  0.0091523
      0.32 0.00485853  0.0493129 0.00884556
      0.33   0.004668  0.0488998 0.00852244
      0.34   0.004668  0.0494641 0.00853093
      0.35 0.00457274  0.0501274 0.00838094
      0.36  0.0043822  0.0499139 0.00805704
      0.37  0.0043822  0.0523466 0.00808737
      0.38  0.0043822  0.0530165 0.00809527
      0.39  0.0043822  0.0545113 0.00811226
       0.4  0.0043822  0.0554493 0.00812248
      0.41  0.0043822  0.0577689 0.00814644
      0.42  0.0043822  0.0597652 0.00816567
      0.43  0.0043822  0.0611552 0.00817837
      0.44 0.00428694  0.0640523 0.00803604
      0.45 0.00409641  0.0705329 0.00774311
      0.46 0.00314376  0.0829787   0.006058
      0.47 0.00257216  0.0810056 0.00498601
      0.48 0.00190531  0.0679245 0.00370664
      0.49 0.000762123   0.035533 0.00149224
       0.5 0.000571592  0.0337838 0.00112416
      0.51          0          0          0
      0.52          0          0          0
      0.53          0          0          0
      0.54          0          0          0
      0.55          0          0          0
      0.56          0          0          0
      0.57          0          0          0
      0.58          0          0          0
      0.59          0          0          0
       0.6          0          0          0
      0.61          0          0          0
      0.62          0          0          0
      0.63          0          0          0
      0.64          0          0          0
      0.65          0          0          0
      0.66          0          0          0
      0.67          0          0          0
      0.68          0          0          0
      0.69          0          0          0
       0.7          0          0          0
      0.71          0          0          0
      0.72          0          0          0
      0.73          0          0          0
      0.74          0          0          0
      0.75          0          0          0
      0.76          0          0          0
      0.77          0          0          0
      0.78          0          0          0
      0.79          0          0          0
       0.8          0          0          0
      0.81          0          0          0
      0.82          0          0          0
      0.83          0          0          0
      0.84          0          0          0
      0.85          0          0          0
      0.86          0          0          0
      0.87          0          0          0
      0.88          0          0          0
      0.89          0          0          0
       0.9          0          0          0
      0.91          0          0          0
      0.92          0          0          0
      0.93          0          0          0
      0.94          0          0          0
      0.95          0          0          0
      0.96          0          0          0
      0.97          0          0          0
      0.98          0          0          0
      0.99          0          0          0
