         0          1   0.317058   0.481463
      0.01          1   0.348997   0.517417
      0.02   0.999217   0.408939    0.58036
      0.03   0.995105   0.412003   0.582736
      0.04   0.985413    0.38915   0.557956
      0.05   0.981105   0.374405   0.541981
      0.06   0.974595   0.356325   0.521853
      0.07    0.96598   0.358935    0.52339
      0.08   0.946498   0.371025   0.533083
      0.09   0.932008    0.38216   0.542056
       0.1   0.900778   0.397944   0.552018
      0.11   0.862206   0.410503   0.556197
      0.12   0.832395   0.417737   0.556297
      0.13   0.782319   0.427994   0.553292
      0.14   0.744579   0.435597   0.549641
      0.15   0.689608   0.445381   0.541218
      0.16   0.655588   0.451013   0.534391
      0.17   0.600078   0.454528   0.517259
      0.18   0.568212   0.450506   0.502559
      0.19   0.517989   0.451575   0.482507
       0.2   0.484752   0.445863   0.464495
      0.21   0.433403   0.437062   0.435225
      0.22   0.393069   0.425987   0.408866
      0.23   0.363894   0.417114   0.388691
      0.24   0.322483   0.405699   0.359336
      0.25   0.295658   0.394466   0.337989
      0.26   0.264722   0.371494   0.309148
      0.27   0.240687    0.35052   0.285401
      0.28   0.204856   0.327601    0.25208
      0.29   0.180772   0.310928   0.228624
       0.3   0.156444   0.279899   0.200707
      0.31   0.124137   0.251504   0.166228
      0.32   0.112389   0.234141   0.151877
      0.33  0.0919281    0.21161   0.128175
      0.34  0.0802291   0.198264   0.114233
      0.35   0.063635   0.180245  0.0940618
      0.36  0.0539429   0.164499  0.0812441
      0.37  0.0405306   0.139535  0.0628153
      0.38   0.033286   0.122192  0.0523198
      0.39   0.022517   0.091002  0.0361013
       0.4  0.0138039  0.0675381  0.0229227
      0.41 0.00758725  0.0562201  0.0133701
      0.42   0.003916  0.0496732 0.00725968
      0.43  0.0035244   0.047482 0.00656175
      0.44 0.00318175  0.0451613 0.00594468
      0.45 0.00288805  0.0424448 0.00540812
      0.46 0.00239855   0.038674 0.00451696
      0.47 0.00239855  0.0392157 0.00452061
      0.48 0.00230065     0.0375 0.00433533
      0.49 0.00230065  0.0385439 0.00434212
       0.5 0.00161535  0.0298851 0.00306503
      0.51 0.00151745  0.0268949 0.00287281
      0.52 0.00151745  0.0231959 0.00284855
      0.53 0.00151745  0.0236686 0.00285205
      0.54  0.0014685  0.0189274 0.00272554
      0.55 0.00141955  0.0176678 0.00262795
      0.56 0.00141955   0.019084 0.00264254
      0.57  0.0010769  0.0180995 0.00203285
      0.58  0.0010769  0.0201005 0.00204428
      0.59  0.0010769  0.0248447 0.00206432
       0.6  0.0010769  0.0310078 0.00208151
      0.61  0.0005874  0.0280374 0.00115069
      0.62  0.0005874  0.0326087 0.00115401
      0.63  0.0005874  0.0352941 0.00115557
      0.64 0.00024475  0.0307692 0.000485637
      0.65 0.00024475  0.0416667 0.000486642
      0.66          0          0          0
      0.67          0          0          0
      0.68          0          0          0
      0.69          0          0          0
       0.7          0          0          0
      0.71          0          0          0
      0.72          0          0          0
      0.73          0          0          0
      0.74          0          0          0
      0.75          0          0          0
      0.76          0          0          0
      0.77          0          0          0
      0.78          0          0          0
      0.79          0          0          0
       0.8          0          0          0
      0.81          0          0          0
      0.82          0          0          0
      0.83          0          0          0
      0.84          0          0          0
      0.85          0          0          0
      0.86          0          0          0
      0.87          0          0          0
      0.88          0          0          0
      0.89          0          0          0
       0.9          0          0          0
      0.91          0          0          0
      0.92          0          0          0
      0.93          0          0          0
      0.94          0          0          0
      0.95          0          0          0
      0.96          0          0          0
      0.97          0          0          0
      0.98          0          0          0
      0.99          0          0          0
