         0          1   0.273534   0.429567
      0.01          1   0.347766   0.516062
      0.02   0.999758   0.417535   0.589058
      0.03    0.99908   0.414516   0.585931
      0.04   0.996127   0.414193   0.585099
      0.05   0.992642   0.429867   0.599931
      0.06   0.986978   0.406226    0.57556
      0.07    0.98388   0.393154   0.561811
      0.08    0.97352    0.41569   0.582609
      0.09   0.963596   0.427943   0.592674
       0.1   0.955463   0.446262   0.608374
      0.11   0.944861   0.462671   0.621172
      0.12   0.930048   0.470111   0.624537
      0.13   0.907683   0.478172   0.626369
      0.14   0.888125   0.481307   0.624289
      0.15   0.849204   0.480066   0.613381
      0.16   0.812315   0.476592    0.60073
      0.17   0.756741   0.469103   0.579176
      0.18   0.711284   0.458023   0.557227
      0.19   0.634119   0.451193    0.52724
       0.2   0.568282   0.445975   0.499754
      0.21    0.49073   0.446696   0.467678
      0.22   0.427022   0.451872   0.439096
      0.23   0.392458   0.457265    0.42239
      0.24   0.371932   0.467077    0.41411
      0.25   0.355085   0.473272   0.405748
      0.26   0.338045   0.486657   0.398961
      0.27   0.330348   0.493497   0.395768
      0.28   0.316261    0.49033   0.384513
      0.29   0.301157   0.472955   0.367993
       0.3   0.256523   0.430799   0.321567
      0.31   0.217457   0.393504   0.280116
      0.32   0.192187   0.372002   0.253439
      0.33   0.154427   0.330746   0.210548
      0.34   0.140001   0.301627   0.191238
      0.35  0.0940601   0.231944   0.133843
      0.36  0.0745026   0.206522   0.109502
      0.37  0.0479256   0.171538  0.0749197
      0.38  0.0334995   0.156501  0.0551863
      0.39   0.023043   0.150975  0.0399835
       0.4  0.0207194   0.164107  0.0367934
      0.41  0.0172339   0.159959  0.0311154
      0.42  0.0127318   0.145369   0.023413
      0.43 0.00914944   0.144526  0.0172094
      0.44 0.00856852   0.155229  0.0162406
      0.45 0.00769715   0.157986  0.0146791
      0.46 0.00769715    0.16036  0.0146892
      0.47 0.00769715   0.164207   0.014705
      0.48 0.00769715   0.167641  0.0147185
      0.49 0.00769715   0.168986  0.0147236
       0.5 0.00730987   0.167702  0.0140091
      0.51 0.00701941   0.164114   0.013463
      0.52 0.00701941   0.165158  0.0134665
      0.53 0.00648691   0.158654  0.0124642
      0.54  0.0059544   0.159494  0.0114802
      0.55  0.0059544   0.174157  0.0115151
      0.56 0.00571235   0.178788   0.011071
      0.57 0.00551871   0.188552  0.0107236
      0.58 0.00551871   0.195652  0.0107346
      0.59 0.00551871   0.201681  0.0107434
       0.6 0.00479256   0.201754 0.00936272
      0.61 0.00479256   0.195122 0.00935534
      0.62 0.00334027   0.150602 0.00653559
      0.63 0.00334027   0.147239 0.00653235
      0.64 0.00334027   0.142857 0.00652791
      0.65 0.00334027   0.145985 0.00653111
      0.66 0.00280776   0.146552 0.00550997
      0.67 0.00280776   0.140351 0.00550539
      0.68 0.00237208    0.11215 0.00464589
      0.69 0.00237208        0.1 0.00463423
       0.7 0.000968195     0.0625 0.00190685
      0.71 0.000290458  0.0344828 0.000576065
      0.72          0          0          0
      0.73          0          0          0
      0.74          0          0          0
      0.75          0          0          0
      0.76          0          0          0
      0.77          0          0          0
      0.78          0          0          0
      0.79          0          0          0
       0.8          0          0          0
      0.81          0          0          0
      0.82          0          0          0
      0.83          0          0          0
      0.84          0          0          0
      0.85          0          0          0
      0.86          0          0          0
      0.87          0          0          0
      0.88          0          0          0
      0.89          0          0          0
       0.9          0          0          0
      0.91          0          0          0
      0.92          0          0          0
      0.93          0          0          0
      0.94          0          0          0
      0.95          0          0          0
      0.96          0          0          0
      0.97          0          0          0
      0.98          0          0          0
      0.99          0          0          0
