         0          1   0.279386    0.43675
      0.01   0.998831   0.355256   0.524103
      0.02   0.993112   0.419032   0.589381
      0.03   0.985624   0.416661   0.585717
      0.04   0.972523   0.390386   0.557131
      0.05   0.960782   0.373381   0.537772
      0.06   0.936671   0.360466    0.52059
      0.07   0.917926   0.367098   0.524455
      0.08   0.879995   0.386813   0.537404
      0.09   0.851472   0.400845   0.545083
       0.1   0.804396   0.419844   0.551723
      0.11   0.752839   0.436368   0.552494
      0.12   0.714485   0.445093   0.548497
      0.13   0.655366   0.455201   0.537245
      0.14   0.616977   0.459169   0.526502
      0.15   0.558615   0.461484   0.505425
      0.16   0.520655   0.461365    0.48922
      0.17   0.464815   0.456842   0.460794
      0.18   0.429893   0.451862   0.440604
      0.19   0.382186   0.444905   0.411168
       0.2   0.352329   0.439538   0.391131
      0.21   0.312282   0.431574   0.362363
      0.22   0.276279   0.420437   0.333444
      0.23   0.255039    0.41187   0.315014
      0.24   0.224785   0.396079   0.286802
      0.25   0.204828   0.384412   0.267254
      0.26   0.177374   0.363745   0.238465
      0.27   0.160792   0.346935   0.219741
      0.28    0.13598   0.319035   0.190686
      0.29   0.120955   0.299443   0.172309
       0.3  0.0982786   0.266846   0.143651
      0.31  0.0783283   0.238429   0.117918
      0.32  0.0691811   0.224207   0.105736
      0.33  0.0552212   0.205226  0.0870259
      0.34  0.0478446   0.194444  0.0767935
      0.35  0.0374657   0.180551  0.0620546
      0.36  0.0315374   0.173435    0.05337
      0.37  0.0239635    0.16512  0.0418529
      0.38  0.0189556   0.160668  0.0339104
      0.39  0.0152861   0.156091  0.0278453
       0.4  0.0132663   0.153094  0.0244167
      0.41   0.010806   0.147444  0.0201363
      0.42 0.00821259   0.140702  0.0155193
      0.43 0.00735726   0.138969  0.0139747
      0.44 0.00674907   0.136955  0.0128642
      0.45  0.0063982     0.1365  0.0122234
      0.46 0.00592832   0.134043  0.0113545
      0.47 0.00566186   0.133628  0.0108634
      0.48 0.00536692   0.134188   0.010321
      0.49 0.00506689   0.130826 0.00975594
       0.5 0.00476585   0.129803 0.00919412
      0.51 0.00439768   0.128562 0.00850445
      0.52 0.00415867   0.127986  0.0080556
      0.53 0.00384644   0.129564 0.00747109
      0.54 0.00366033   0.129438 0.00711933
      0.55 0.00340301   0.131167 0.00663392
      0.56 0.00327792    0.13456 0.00639993
      0.57 0.00295857   0.133963 0.00578928
      0.58 0.00267888   0.133293 0.00525221
      0.59 0.00232292   0.136647 0.00456818
       0.6 0.00212765   0.137586 0.00419049
      0.61 0.00187949   0.135837 0.00370768
      0.62 0.00169744   0.137324 0.00335343
      0.63  0.0015998   0.138829 0.00316316
      0.64 0.00141063   0.132071 0.00279145
      0.65 0.00126011   0.121732  0.0024944
      0.66 0.000925506   0.106338 0.00183504
      0.67 0.00082787   0.101555 0.00164235
      0.68 0.000692604   0.091157 0.00137476
      0.69 0.000564457  0.0820763  0.0011212
       0.7 0.000328504  0.0682451 0.00065386
      0.71 8.13632e-05   0.048414 0.000162453
      0.72          0          0          0
      0.73          0          0          0
      0.74          0          0          0
      0.75          0          0          0
      0.76          0          0          0
      0.77          0          0          0
      0.78          0          0          0
      0.79          0          0          0
       0.8          0          0          0
      0.81          0          0          0
      0.82          0          0          0
      0.83          0          0          0
      0.84          0          0          0
      0.85          0          0          0
      0.86          0          0          0
      0.87          0          0          0
      0.88          0          0          0
      0.89          0          0          0
       0.9          0          0          0
      0.91          0          0          0
      0.92          0          0          0
      0.93          0          0          0
      0.94          0          0          0
      0.95          0          0          0
      0.96          0          0          0
      0.97          0          0          0
      0.98          0          0          0
      0.99          0          0          0
