         0          1   0.295659   0.456384
      0.01          1   0.351912   0.520614
      0.02   0.999883   0.481072   0.649602
      0.03   0.998944   0.500206   0.666615
      0.04   0.996089   0.412453   0.583355
      0.05   0.994252   0.363264   0.532113
      0.06   0.991749   0.340687   0.507155
      0.07   0.989598   0.351137   0.518349
      0.08   0.981933   0.378533   0.546421
      0.09   0.970827   0.401028   0.567595
       0.1    0.95194   0.442306   0.603981
      0.11    0.93051   0.489869    0.64184
      0.12   0.905209   0.517772   0.658746
      0.13   0.858478   0.568755    0.68421
      0.14   0.834467   0.603779   0.700623
      0.15   0.789223   0.639773   0.706683
      0.16   0.748788    0.65338   0.697838
      0.17   0.693102   0.660499   0.676408
      0.18   0.658103   0.662067   0.660079
      0.19   0.585875    0.64751   0.615152
       0.2    0.54239   0.633265   0.584315
      0.21   0.488425   0.607824   0.541622
      0.22   0.430393   0.572898   0.491525
      0.23    0.38726   0.548438   0.453967
      0.24   0.316714    0.51049   0.390905
      0.25   0.285899   0.483434   0.359307
      0.26   0.234788   0.446852   0.307833
      0.27   0.204873   0.426158   0.276716
      0.28   0.170108   0.395662   0.237924
      0.29    0.14203   0.375776   0.206145
       0.3    0.10797   0.337653    0.16362
      0.31  0.0833333   0.306346   0.131025
      0.32  0.0726967   0.290444   0.116287
      0.33  0.0525966   0.272013  0.0881487
      0.34  0.0498592   0.267303  0.0840423
      0.35  0.0423119   0.259442  0.0727579
      0.36   0.034921   0.252087  0.0613442
      0.37  0.0320663   0.248727  0.0568088
      0.38  0.0281167   0.244387  0.0504313
      0.39   0.024128   0.239111  0.0438329
       0.4   0.024128   0.243144  0.0438996
      0.41  0.0231503   0.240303  0.0422321
      0.42  0.0227202   0.240318  0.0415154
      0.43  0.0225246   0.239509  0.0411768
      0.44  0.0220945   0.236052  0.0404069
      0.45  0.0212733   0.239954  0.0390817
      0.46  0.0203347   0.244444  0.0375461
      0.47  0.0197873   0.248691  0.0366578
      0.48  0.0188878   0.271624  0.0353197
      0.49  0.0175974   0.276033  0.0330855
       0.5  0.0174018   0.304854  0.0329243
      0.51  0.0165024   0.327354  0.0314209
      0.52  0.0161114   0.353535  0.0308183
      0.53  0.0145472   0.386905    0.02804
      0.54  0.0140388    0.42069  0.0271709
      0.55   0.013726   0.479675  0.0266882
      0.56  0.0134522   0.506608  0.0262085
      0.57  0.0132176   0.521327  0.0257815
      0.58  0.0130612   0.519608  0.0254818
      0.59  0.0129438   0.526042   0.025266
       0.6  0.0115361   0.513812  0.0225655
      0.61  0.0114187        0.5  0.0223276
      0.62  0.0113014   0.482353  0.0220854
      0.63  0.0113014    0.47619  0.0220788
      0.64  0.0109104   0.472393  0.0213281
      0.65  0.0106757   0.455696  0.0208627
      0.66 0.00973721   0.426667  0.0190399
      0.67 0.00926795   0.402778   0.018119
      0.68  0.0088769   0.362963    0.01733
      0.69 0.00786016   0.333333  0.0153582
       0.7 0.00567026   0.271186  0.0111083
      0.71 0.00179884   0.113636 0.00354162
      0.72          0          0          0
      0.73          0          0          0
      0.74          0          0          0
      0.75          0          0          0
      0.76          0          0          0
      0.77          0          0          0
      0.78          0          0          0
      0.79          0          0          0
       0.8          0          0          0
      0.81          0          0          0
      0.82          0          0          0
      0.83          0          0          0
      0.84          0          0          0
      0.85          0          0          0
      0.86          0          0          0
      0.87          0          0          0
      0.88          0          0          0
      0.89          0          0          0
       0.9          0          0          0
      0.91          0          0          0
      0.92          0          0          0
      0.93          0          0          0
      0.94          0          0          0
      0.95          0          0          0
      0.96          0          0          0
      0.97          0          0          0
      0.98          0          0          0
      0.99          0          0          0
