         0          1   0.223995   0.366006
      0.01   0.999162   0.274188   0.430295
      0.02   0.995486   0.348343   0.516093
      0.03   0.987167   0.357732   0.525156
      0.04    0.97614   0.293009   0.450723
      0.05   0.968724   0.258893    0.40859
      0.06   0.952538   0.245192   0.389996
      0.07   0.944477   0.258781   0.406251
      0.08   0.925453   0.284155   0.434805
      0.09   0.904753   0.300573   0.451238
       0.1   0.882763   0.324332   0.474376
      0.11   0.846714   0.352261   0.497532
      0.12   0.816728   0.370275   0.509542
      0.13   0.767782   0.398196   0.524414
      0.14   0.728252   0.417803    0.53098
      0.15   0.676791   0.432909   0.528051
      0.16   0.643129   0.439964   0.522492
      0.17   0.568646   0.435339   0.493143
      0.18   0.525634   0.429047   0.472454
      0.19   0.471013   0.416275   0.441956
       0.2   0.418585   0.401911   0.410078
      0.21   0.363707   0.382052   0.372654
      0.22   0.312053   0.356907   0.332976
      0.23   0.279616   0.337873   0.305996
      0.24   0.239376   0.314902   0.271993
      0.25   0.216225   0.298924   0.250936
      0.26   0.184949   0.278816   0.222383
      0.27    0.15019   0.259558   0.190278
      0.28   0.121558   0.240202   0.161424
      0.29  0.0962146   0.222798   0.134392
       0.3  0.0670665   0.198925   0.100313
      0.31  0.0535887   0.189006  0.0835021
      0.32  0.0424969   0.180113  0.0687682
      0.33  0.0378539   0.179487  0.0625219
      0.34  0.0350164   0.175667  0.0583931
      0.35  0.0244406   0.169987  0.0427365
      0.36  0.0176694   0.165652  0.0319327
      0.37  0.0176694   0.163934  0.0319005
      0.38  0.0176694   0.165169  0.0319237
      0.39  0.0176694   0.162429  0.0318718
       0.4  0.0176694   0.157174  0.0317676
      0.41  0.0167021   0.147081  0.0299978
      0.42  0.0155414   0.140137  0.0279797
      0.43  0.0136712   0.133901  0.0248095
      0.44  0.0134778   0.132341  0.0244641
      0.45  0.0133488   0.129747  0.0242071
      0.46  0.0115432   0.121951  0.0210901
      0.47  0.0115432   0.123457  0.0211123
      0.48  0.0110273   0.122398  0.0202318
      0.49  0.0110273   0.123219  0.0202429
       0.5  0.0108983   0.124144  0.0200376
      0.51  0.0107048   0.124343  0.0197126
      0.52 0.00999549   0.121076  0.0184665
      0.53 0.00999549   0.123389  0.0184929
      0.54 0.00973754    0.12348  0.0180515
      0.55  0.0094151   0.126117  0.0175221
      0.56 0.00922164   0.129032  0.0172131
      0.57 0.00767395    0.12527   0.014462
      0.58 0.00767395   0.124587  0.0144574
      0.59 0.00767395   0.127294  0.0144753
       0.6 0.00767395   0.133253  0.0145122
      0.61 0.00741601   0.135741  0.0140637
      0.62 0.00690011   0.128571  0.0130973
      0.63 0.00683562   0.128342  0.0129799
      0.64  0.0064487   0.129944  0.0122876
      0.65 0.00573934     0.1261   0.010979
      0.66 0.00573934   0.127106  0.0109828
      0.67 0.00573934   0.127159   0.010983
      0.68 0.00554588   0.122896  0.0106128
      0.69 0.00509447   0.108348 0.00973138
       0.7 0.00361127  0.0686695 0.00686169
      0.71 0.00103179  0.0457317 0.00201805
      0.72          0          0          0
      0.73          0          0          0
      0.74          0          0          0
      0.75          0          0          0
      0.76          0          0          0
      0.77          0          0          0
      0.78          0          0          0
      0.79          0          0          0
       0.8          0          0          0
      0.81          0          0          0
      0.82          0          0          0
      0.83          0          0          0
      0.84          0          0          0
      0.85          0          0          0
      0.86          0          0          0
      0.87          0          0          0
      0.88          0          0          0
      0.89          0          0          0
       0.9          0          0          0
      0.91          0          0          0
      0.92          0          0          0
      0.93          0          0          0
      0.94          0          0          0
      0.95          0          0          0
      0.96          0          0          0
      0.97          0          0          0
      0.98          0          0          0
      0.99          0          0          0
