         0          1   0.193017   0.323578
      0.01   0.999211   0.298193   0.459314
      0.02    0.97579    0.40566   0.573077
      0.03   0.960015   0.363614   0.527451
      0.04   0.941751   0.299632    0.45462
      0.05   0.931558   0.297863   0.451394
      0.06   0.904375   0.312822   0.464852
      0.07   0.873551   0.332999   0.482188
      0.08   0.827862   0.361749    0.50349
      0.09   0.792003   0.385449   0.518538
       0.1    0.74413   0.411157    0.52966
      0.11   0.700322   0.437209   0.538336
      0.12   0.659305   0.446132   0.532164
      0.13   0.599539   0.446877   0.512072
      0.14   0.568958   0.442062   0.497546
      0.15   0.521146   0.415808   0.462555
      0.16   0.497785   0.397123   0.441793
      0.17   0.435653   0.358733   0.393469
      0.18   0.405073   0.342128   0.370949
      0.19   0.357017   0.311803   0.332882
       0.2   0.320066    0.29423   0.306604
      0.21   0.272556   0.263079   0.267734
      0.22   0.243493   0.246162    0.24482
      0.23   0.232996   0.238071   0.235506
      0.24   0.213579    0.22293   0.218154
      0.25   0.193071   0.210612    0.20146
      0.26   0.161216   0.188658   0.173861
      0.27   0.153813   0.181559   0.166539
      0.28   0.135975   0.167738   0.150195
      0.29   0.129604   0.153892   0.140708
       0.3   0.118379   0.140906   0.128664
      0.31  0.0995085   0.125974   0.111188
      0.32  0.0816091   0.115981  0.0958055
      0.33   0.076209   0.114659  0.0915611
      0.34  0.0708695   0.107681  0.0854805
      0.35  0.0506644  0.0939271  0.0658235
      0.36  0.0341605  0.0778653  0.0474876
      0.37  0.0146229  0.0660287  0.0239433
      0.38 0.00910139  0.0641399  0.0159408
      0.39 0.00910139  0.0634291  0.0159186
       0.4 0.00910139  0.0645812  0.0159543
      0.41 0.00898004  0.0638517  0.0157456
      0.42 0.00898004  0.0638298   0.015745
      0.43 0.00873733  0.0642702  0.0153833
      0.44  0.0083126  0.0627063  0.0146793
      0.45 0.00782719   0.061674  0.0138914
      0.46 0.00758449  0.0596026  0.0134566
      0.47 0.00728111  0.0585635  0.0129519
      0.48 0.00728111  0.0576497  0.0129293
      0.49 0.00728111  0.0569196  0.0129107
       0.5 0.00697773  0.0554299  0.0123951
      0.51 0.00697773  0.0568445  0.0124297
      0.52 0.00673503  0.0540541  0.0119777
      0.53 0.00467205  0.0505415 0.00855342
      0.54 0.00467205  0.0513447 0.00856475
      0.55 0.00467205  0.0507426 0.00855629
      0.56 0.00467205   0.050995 0.00855986
      0.57 0.00461137  0.0503145 0.00844843
      0.58 0.00388326   0.044757 0.00714647
      0.59 0.00182028  0.0377868 0.00347324
       0.6 0.00182028  0.0401189 0.00348255
      0.61 0.00169893  0.0386555  0.0032548
      0.62 0.00103149  0.0413793 0.00201281
      0.63 0.000606759  0.0390879 0.00119497
      0.64 0.000606759  0.0456432  0.0011976
      0.65 0.000606759  0.0520833 0.00119954
      0.66 0.000364056  0.0526316 0.000723109
      0.67 0.000364056  0.0434783 0.000722065
      0.68 0.000364056       0.03 0.000719381
      0.69 0.000182028  0.0172414 0.000360252
       0.7          0          0          0
      0.71          0          0          0
      0.72          0          0          0
      0.73          0          0          0
      0.74          0          0          0
      0.75          0          0          0
      0.76          0          0          0
      0.77          0          0          0
      0.78          0          0          0
      0.79          0          0          0
       0.8          0          0          0
      0.81          0          0          0
      0.82          0          0          0
      0.83          0          0          0
      0.84          0          0          0
      0.85          0          0          0
      0.86          0          0          0
      0.87          0          0          0
      0.88          0          0          0
      0.89          0          0          0
       0.9          0          0          0
      0.91          0          0          0
      0.92          0          0          0
      0.93          0          0          0
      0.94          0          0          0
      0.95          0          0          0
      0.96          0          0          0
      0.97          0          0          0
      0.98          0          0          0
      0.99          0          0          0
