         0          1   0.418411   0.589971
      0.01   0.999557    0.50969   0.675124
      0.02   0.996993   0.584971   0.737327
      0.03    0.99424   0.631251   0.772216
      0.04   0.985379   0.651832   0.784629
      0.05   0.981075   0.628435   0.766124
      0.06   0.973543   0.541836   0.696196
      0.07   0.967498    0.52463   0.680342
      0.08   0.955947   0.530207   0.682096
      0.09   0.946452   0.536109   0.684493
       0.1   0.928888   0.551999   0.692484
      0.11   0.900025   0.575388   0.701991
      0.12   0.858789   0.600078   0.706494
      0.13   0.814387   0.642447   0.718271
      0.14   0.784575   0.660599    0.71727
      0.15   0.728211   0.682847     0.7048
      0.16   0.701658   0.691879   0.696734
      0.17   0.645421   0.698175   0.670762
      0.18   0.618868   0.704833   0.659059
      0.19   0.570131   0.717147   0.635244
       0.2   0.539528   0.716445   0.615526
      0.21   0.504779   0.716176   0.592177
      0.22   0.466549   0.721756   0.566747
      0.23   0.448668    0.72167   0.553328
      0.24   0.410722   0.716825   0.522224
      0.25   0.386322   0.712386   0.500971
      0.26   0.350149   0.697971   0.466347
      0.27    0.32885   0.693085   0.446058
      0.28   0.283404   0.662077    0.39691
      0.29   0.265776   0.636842   0.375037
       0.3   0.221185   0.556633   0.316575
      0.31   0.178049   0.470215   0.258294
      0.32   0.161846   0.444746   0.237327
      0.33   0.130135   0.386667   0.194732
      0.34    0.11007   0.347044   0.167132
      0.35  0.0815874   0.297913   0.128094
      0.36  0.0600987   0.265327  0.0979997
      0.37  0.0394012   0.238043  0.0676113
      0.38  0.0295588   0.219568  0.0521034
      0.39  0.0259194   0.205399  0.0460302
       0.4  0.0200329   0.192539    0.03629
      0.41  0.0169315   0.168342  0.0307683
      0.42 0.00863979   0.153646  0.0163596
      0.43 0.00863979   0.150524  0.0163416
      0.44 0.00807013   0.147368  0.0153023
      0.45 0.00800684   0.142857  0.0151638
      0.46 0.00791189    0.14191  0.0149882
      0.47  0.0077853   0.139814  0.0147493
      0.48 0.00765871   0.132886  0.0144827
      0.49 0.00765871   0.130728  0.0144697
       0.5 0.00743718    0.12824   0.014059
      0.51 0.00693082   0.121045  0.0131109
      0.52 0.00655105   0.116829  0.0124064
      0.53 0.00579151   0.117737    0.01104
      0.54 0.00569656   0.120827  0.0108802
      0.55 0.00462055   0.114035 0.00888124
      0.56 0.00443066   0.149864 0.00860686
      0.57 0.00272169   0.146444 0.00534406
      0.58  0.0026584   0.150442 0.00522447
      0.59 0.00246851   0.141553  0.0048524
       0.6 0.00208874   0.122066  0.0041072
      0.61 0.00148744   0.052356 0.00289269
      0.62 0.000696247  0.0374332 0.00136707
      0.63 0.000474714  0.0273224 0.000933213
      0.64 0.000474714  0.0222222 0.00092957
      0.65 0.000474714  0.0225989 0.000929894
      0.66 0.000253181  0.0116279 0.000495571
      0.67 0.00012659 0.00588235 0.000247847
      0.68 0.00012659 0.00636943 0.000248247
      0.69 0.00012659 0.00675676 0.000248524
       0.7          0          0          0
      0.71          0          0          0
      0.72          0          0          0
      0.73          0          0          0
      0.74          0          0          0
      0.75          0          0          0
      0.76          0          0          0
      0.77          0          0          0
      0.78          0          0          0
      0.79          0          0          0
       0.8          0          0          0
      0.81          0          0          0
      0.82          0          0          0
      0.83          0          0          0
      0.84          0          0          0
      0.85          0          0          0
      0.86          0          0          0
      0.87          0          0          0
      0.88          0          0          0
      0.89          0          0          0
       0.9          0          0          0
      0.91          0          0          0
      0.92          0          0          0
      0.93          0          0          0
      0.94          0          0          0
      0.95          0          0          0
      0.96          0          0          0
      0.97          0          0          0
      0.98          0          0          0
      0.99          0          0          0
