         0          1   0.176689   0.300316
      0.01          1   0.197847   0.330338
      0.02   0.988329   0.237441   0.382894
      0.03   0.974192   0.226938   0.368122
      0.04   0.960878   0.195253   0.324556
      0.05   0.948056   0.179532   0.301895
      0.06   0.918879   0.176333   0.295885
      0.07   0.898907   0.182025   0.302746
      0.08   0.861264   0.198593   0.322763
      0.09   0.830443   0.208694   0.333562
       0.1   0.771431   0.224026   0.347219
      0.11   0.690556   0.243687   0.360247
      0.12   0.645352   0.254831   0.365383
      0.13   0.573025   0.269103   0.366222
      0.14   0.530122   0.276123   0.363112
      0.15   0.458864    0.27511   0.343985
      0.16   0.416947   0.288107   0.340755
      0.17   0.362374   0.294397   0.324868
      0.18   0.321772   0.291618   0.305954
      0.19   0.261116   0.284572    0.27234
       0.2   0.242295    0.28133   0.260357
      0.21   0.207857   0.258837   0.230563
      0.22   0.154516   0.233503    0.18597
      0.23   0.131832   0.211565   0.162442
      0.24  0.0924632   0.178808   0.121894
      0.25  0.0709296   0.161538  0.0985757
      0.26  0.0576149   0.136032   0.080946
      0.27  0.0544095     0.1198  0.0748324
      0.28  0.0308211   0.082083  0.0448148
      0.29  0.0209583  0.0687783  0.0321269
       0.3  0.0130681  0.0600185   0.021463
      0.31    0.01126  0.0553471  0.0187129
      0.32 0.00690392  0.0515267  0.0121764
      0.33 0.00690392  0.0517413  0.0121823
      0.34 0.00657516  0.0515152  0.0116619
      0.35 0.00657516  0.0515996   0.011664
      0.36 0.00599984  0.0513627  0.0107446
      0.37 0.00484918  0.0530387 0.00888595
      0.38 0.00443823  0.0520362 0.00817888
      0.39 0.00443823  0.0535932  0.0081976
       0.4 0.00427386  0.0500642 0.00787541
      0.41 0.00378072  0.0417827 0.00693401
      0.42 0.00246569   0.029549 0.00455157
      0.43 0.00246569  0.0337478 0.00459561
      0.44 0.00164379  0.0333988 0.00313337
      0.45 0.00131503   0.033543 0.00253084
      0.46 0.00131503  0.0374707 0.00254089
      0.47 0.00131503  0.0401003 0.00254655
      0.48 0.00131503  0.0419948 0.00255021
      0.49 0.00131503  0.0446927 0.00255489
       0.5 0.00131503  0.0493827 0.00256184
      0.51 0.00131503  0.0593607 0.00257306
      0.52 0.00131503  0.0634921  0.0025767
      0.53 0.00131503  0.0956522  0.0025944
      0.54 0.00131503   0.144928 0.00260642
      0.55 0.00123284   0.204545 0.00245091
      0.56 0.000986274   0.285714 0.00196576
      0.57 0.000739706   0.315789 0.00147595
      0.58 0.000657516   0.333333 0.00131244
      0.59          0          0          0
       0.6          0          0          0
      0.61          0          0          0
      0.62          0          0          0
      0.63          0          0          0
      0.64          0          0          0
      0.65          0          0          0
      0.66          0          0          0
      0.67          0          0          0
      0.68          0          0          0
      0.69          0          0          0
       0.7          0          0          0
      0.71          0          0          0
      0.72          0          0          0
      0.73          0          0          0
      0.74          0          0          0
      0.75          0          0          0
      0.76          0          0          0
      0.77          0          0          0
      0.78          0          0          0
      0.79          0          0          0
       0.8          0          0          0
      0.81          0          0          0
      0.82          0          0          0
      0.83          0          0          0
      0.84          0          0          0
      0.85          0          0          0
      0.86          0          0          0
      0.87          0          0          0
      0.88          0          0          0
      0.89          0          0          0
       0.9          0          0          0
      0.91          0          0          0
      0.92          0          0          0
      0.93          0          0          0
      0.94          0          0          0
      0.95          0          0          0
      0.96          0          0          0
      0.97          0          0          0
      0.98          0          0          0
      0.99          0          0          0
