         0          1   0.263807   0.417479
      0.01   0.999924   0.442362   0.613371
      0.02   0.993994   0.530407   0.691709
      0.03   0.990066   0.542285   0.700751
      0.04   0.982776   0.542544   0.699131
      0.05   0.976242   0.536173   0.692184
      0.06   0.963702   0.497093   0.655875
      0.07   0.954863   0.504121   0.659865
      0.08   0.919736   0.517559   0.662379
      0.09   0.885212   0.531152   0.663928
       0.1   0.832068   0.538381   0.653756
      0.11   0.756827   0.541873   0.631561
      0.12   0.710708   0.541745   0.614829
      0.13   0.637205   0.546314   0.588269
      0.14   0.590179   0.543311   0.565776
      0.15   0.501945    0.52588   0.513634
      0.16   0.443853   0.534118    0.48482
      0.17   0.352559   0.512346   0.417692
      0.18   0.296808   0.493727   0.370742
      0.19    0.24525   0.464111   0.320918
       0.2    0.21492   0.453311   0.291592
      0.21   0.179792   0.427069   0.253052
      0.22   0.170765   0.416268    0.24218
      0.23   0.163626   0.410511   0.233987
      0.24   0.148669   0.408163   0.217951
      0.25   0.140661    0.42176   0.210964
      0.26   0.133296   0.432969   0.203837
      0.27   0.130387    0.43277   0.200398
      0.28   0.114108   0.402703   0.177827
      0.29   0.100132   0.354872   0.156192
       0.3   0.054882   0.267588  0.0910829
      0.31  0.0460434   0.228571  0.0766471
      0.32  0.0437016   0.207386  0.0721908
      0.33  0.0344854   0.172783  0.0574954
      0.34  0.0242871     0.1488  0.0417583
      0.35  0.0176393   0.137874   0.031277
      0.36  0.0160151   0.128425  0.0284788
      0.37  0.0129556   0.119705  0.0233808
      0.38 0.00664778   0.113586  0.0125604
      0.39 0.00396601   0.118902 0.00767598
       0.4 0.00373938   0.168224 0.00731613
      0.41 0.00324835   0.252427 0.00641415
      0.42 0.00302172     0.2375 0.00596751
      0.43 0.00279509   0.262295 0.00553124
      0.44 0.00253069   0.481481 0.00503491
      0.45 0.000944287   0.583333 0.00188552
      0.46 0.00075543   0.571429 0.00150886
      0.47 0.00075543   0.571429 0.00150886
      0.48 0.000491029        0.6 0.000981256
      0.49 0.000415486        0.5 0.000830283
       0.5          0          0          0
      0.51          0          0          0
      0.52          0          0          0
      0.53          0          0          0
      0.54          0          0          0
      0.55          0          0          0
      0.56          0          0          0
      0.57          0          0          0
      0.58          0          0          0
      0.59          0          0          0
       0.6          0          0          0
      0.61          0          0          0
      0.62          0          0          0
      0.63          0          0          0
      0.64          0          0          0
      0.65          0          0          0
      0.66          0          0          0
      0.67          0          0          0
      0.68          0          0          0
      0.69          0          0          0
       0.7          0          0          0
      0.71          0          0          0
      0.72          0          0          0
      0.73          0          0          0
      0.74          0          0          0
      0.75          0          0          0
      0.76          0          0          0
      0.77          0          0          0
      0.78          0          0          0
      0.79          0          0          0
       0.8          0          0          0
      0.81          0          0          0
      0.82          0          0          0
      0.83          0          0          0
      0.84          0          0          0
      0.85          0          0          0
      0.86          0          0          0
      0.87          0          0          0
      0.88          0          0          0
      0.89          0          0          0
       0.9          0          0          0
      0.91          0          0          0
      0.92          0          0          0
      0.93          0          0          0
      0.94          0          0          0
      0.95          0          0          0
      0.96          0          0          0
      0.97          0          0          0
      0.98          0          0          0
      0.99          0          0          0
