         0          1   0.181029   0.306561
      0.01   0.997523   0.211179   0.348566
      0.02   0.989552   0.246128   0.394206
      0.03   0.980396   0.265826   0.418248
      0.04   0.955299   0.265954   0.416074
      0.05   0.918462   0.244222   0.385846
      0.06   0.871284   0.216294   0.346556
      0.07   0.845648   0.212102   0.339142
      0.08   0.777467   0.217449   0.339847
      0.09   0.746015   0.224174   0.344751
       0.1   0.702822   0.235241   0.352497
      0.11   0.649612   0.245111   0.355924
      0.12   0.618591   0.253578   0.359703
      0.13   0.592202   0.273031   0.373748
      0.14   0.573567   0.283227   0.379204
      0.15   0.543947   0.303366   0.389502
      0.16   0.524558   0.316385   0.394706
      0.17   0.495584   0.345824   0.407377
      0.18   0.476196   0.355772   0.407268
      0.19   0.444636   0.360672   0.398277
       0.2   0.424278   0.360579   0.389844
      0.21   0.399289   0.368528   0.383293
      0.22    0.37667   0.371148   0.373888
      0.23   0.352973   0.377616   0.364879
      0.24   0.320767   0.372976   0.344907
      0.25   0.292977   0.370055   0.327036
      0.26   0.261417   0.360392   0.303028
      0.27   0.231474   0.348819   0.278282
      0.28   0.193236   0.335083   0.245117
      0.29   0.169539   0.319617   0.221555
       0.3   0.147458   0.305402   0.198887
      0.31   0.108897   0.279898   0.156792
      0.32  0.0917708   0.265647   0.136415
      0.33  0.0800302   0.245669   0.120731
      0.34   0.059888   0.220803  0.0942207
      0.35  0.0309134   0.196653   0.053428
      0.36  0.0239121   0.185682  0.0423681
      0.37  0.0210039   0.178922  0.0375945
      0.38   0.013464   0.168901  0.0249399
      0.39  0.0115252   0.169139  0.0215799
       0.4  0.0108789    0.17377   0.020476
      0.41 0.00807841   0.168582   0.015418
      0.42 0.00743214   0.165217  0.0142244
      0.43 0.00667816   0.159624    0.01282
      0.44 0.00646273   0.168421  0.0124478
      0.45 0.00624731   0.162921  0.0120332
      0.46  0.0061396   0.163265  0.0118342
      0.47 0.00517019   0.152174  0.0100006
      0.48 0.00517019   0.172414  0.0100393
      0.49 0.00484705   0.171171 0.00942715
       0.5 0.00484705   0.183673 0.00944485
      0.51 0.00463162   0.222222 0.00907412
      0.52 0.00463162   0.253968 0.00909734
      0.53 0.00420078   0.294118 0.00828324
      0.54  0.0035545   0.291667 0.00702341
      0.55 0.00344679   0.333333 0.00682303
      0.56 0.00344679   0.342857 0.00682497
      0.57 0.00344679   0.428571 0.00683858
      0.58 0.00344679   0.521739 0.00684834
      0.59 0.00258509        0.5 0.00514359
       0.6 0.00258509        0.5 0.00514359
      0.61 0.00204653   0.473684 0.00407546
      0.62 0.00129255     0.4375 0.00257748
      0.63 0.00129255     0.4375 0.00257748
      0.64 0.000646273   0.333333 0.00129005
      0.65 0.000538561        0.3 0.00107519
      0.66 0.000215424        0.5 0.000430663
      0.67          0          0          0
      0.68          0          0          0
      0.69          0          0          0
       0.7          0          0          0
      0.71          0          0          0
      0.72          0          0          0
      0.73          0          0          0
      0.74          0          0          0
      0.75          0          0          0
      0.76          0          0          0
      0.77          0          0          0
      0.78          0          0          0
      0.79          0          0          0
       0.8          0          0          0
      0.81          0          0          0
      0.82          0          0          0
      0.83          0          0          0
      0.84          0          0          0
      0.85          0          0          0
      0.86          0          0          0
      0.87          0          0          0
      0.88          0          0          0
      0.89          0          0          0
       0.9          0          0          0
      0.91          0          0          0
      0.92          0          0          0
      0.93          0          0          0
      0.94          0          0          0
      0.95          0          0          0
      0.96          0          0          0
      0.97          0          0          0
      0.98          0          0          0
      0.99          0          0          0
