         0          1   0.235879   0.381719
      0.01   0.998375   0.395229   0.566283
      0.02   0.982689    0.47886   0.643934
      0.03   0.965166   0.470416   0.632537
      0.04   0.946866   0.454288   0.613994
      0.05    0.92892   0.441038   0.598105
      0.06   0.870628    0.44487   0.588851
      0.07   0.834381   0.451538    0.58597
      0.08   0.735392    0.48577   0.585068
      0.09   0.695612   0.521502   0.596104
       0.1   0.625592   0.553894   0.587564
      0.11   0.565534   0.584529   0.574875
      0.12   0.537342   0.603761   0.568618
      0.13   0.495372   0.606037   0.545145
      0.14   0.461174   0.595709   0.519879
      0.15   0.379566   0.577928     0.4582
      0.16   0.346004   0.570988   0.430896
      0.17   0.292659   0.552948   0.382743
      0.18   0.262277   0.545455   0.354227
      0.19   0.246803   0.539108   0.338597
       0.2   0.224475   0.535135    0.31628
      0.21   0.184696   0.503759   0.270293
      0.22   0.149862   0.470008   0.227262
      0.23   0.143786   0.457411   0.218794
      0.24    0.13022    0.43038   0.199943
      0.25    0.11842   0.399232    0.18266
      0.26  0.0840811   0.366803   0.136803
      0.27  0.0788525    0.35539   0.129068
      0.28  0.0717162   0.300599   0.115804
      0.29  0.0617537    0.27261   0.100697
       0.3  0.0459973   0.252161  0.0778025
      0.31  0.0339151   0.243631  0.0595415
      0.32  0.0315834    0.23252  0.0556129
      0.33  0.0201371   0.204429  0.0366627
      0.34  0.0138487   0.200342  0.0259065
      0.35  0.0132834   0.197595  0.0248933
      0.36  0.0119409   0.193437  0.0224933
      0.37 0.00819614   0.234899  0.0158396
      0.38 0.00819614    0.33871   0.016005
      0.39 0.00819614   0.502439  0.0161292
       0.4 0.00819614    0.55618  0.0161542
      0.41 0.00706564   0.489796  0.0139303
      0.42 0.00565251   0.403846   0.011149
      0.43 0.00473398   0.388235  0.0093539
      0.44 0.00317954   0.479167 0.00631716
      0.45 0.00317954   0.534884  0.0063215
      0.46 0.00317954   0.512195 0.00631984
      0.47 0.00261429   0.555556 0.00520408
      0.48 0.00240232   0.615385 0.00478595
      0.49 0.00240232        0.6 0.00478547
       0.5 0.00240232   0.583333 0.00478493
      0.51 0.00240232   0.565217  0.0047843
      0.52 0.00240232   0.545455 0.00478357
      0.53 0.00240232    0.52381  0.0047827
      0.54 0.00240232        0.5 0.00478166
      0.55 0.00233166   0.473684 0.00464048
      0.56 0.00211969   0.444444 0.00421926
      0.57 0.00190772      0.375 0.00379613
      0.58 0.00148378   0.333333 0.00295442
      0.59 0.00120116        0.4 0.00239513
       0.6 0.00120116        0.5 0.00239656
      0.61          0          0          0
      0.62          0          0          0
      0.63          0          0          0
      0.64          0          0          0
      0.65          0          0          0
      0.66          0          0          0
      0.67          0          0          0
      0.68          0          0          0
      0.69          0          0          0
       0.7          0          0          0
      0.71          0          0          0
      0.72          0          0          0
      0.73          0          0          0
      0.74          0          0          0
      0.75          0          0          0
      0.76          0          0          0
      0.77          0          0          0
      0.78          0          0          0
      0.79          0          0          0
       0.8          0          0          0
      0.81          0          0          0
      0.82          0          0          0
      0.83          0          0          0
      0.84          0          0          0
      0.85          0          0          0
      0.86          0          0          0
      0.87          0          0          0
      0.88          0          0          0
      0.89          0          0          0
       0.9          0          0          0
      0.91          0          0          0
      0.92          0          0          0
      0.93          0          0          0
      0.94          0          0          0
      0.95          0          0          0
      0.96          0          0          0
      0.97          0          0          0
      0.98          0          0          0
      0.99          0          0          0
