         0          1    0.32957   0.495755
      0.01    0.99983   0.432244   0.603559
      0.02   0.997022   0.558789   0.716186
      0.03   0.990639   0.559066   0.714759
      0.04   0.983235   0.508874   0.670652
      0.05   0.977108   0.467624   0.632532
      0.06   0.963365   0.439646   0.603758
      0.07   0.946813   0.447433   0.607691
      0.08   0.925964   0.488724   0.639775
      0.09   0.908008   0.521731   0.662689
       0.1   0.878138   0.563278   0.686319
      0.11   0.833504    0.58668   0.688643
      0.12   0.797549   0.595587   0.681929
      0.13   0.720364   0.596996   0.652904
      0.14   0.675262   0.594249    0.63217
      0.15   0.633308   0.595737   0.613948
      0.16   0.609778   0.602486    0.60611
      0.17   0.580461   0.609059   0.594416
      0.18   0.559314   0.607663   0.582487
      0.19   0.510552   0.598531   0.551052
       0.2   0.457663   0.586187   0.514013
      0.21   0.400349   0.575094   0.472069
      0.22   0.343247   0.555909    0.42443
      0.23   0.307378   0.553503   0.395257
      0.24    0.27053   0.539491   0.360357
      0.25   0.243128   0.529248   0.333193
      0.26   0.218492   0.510995   0.306101
      0.27    0.19926   0.493372   0.283871
      0.28   0.169773   0.466798   0.248989
      0.29   0.157604   0.457204   0.234405
       0.3   0.131308   0.425849   0.200724
      0.31   0.107608   0.389055   0.168587
      0.32  0.0956089   0.367213   0.151716
      0.33  0.0777806   0.348101    0.12715
      0.34  0.0647604   0.329377   0.108239
      0.35  0.0405072   0.294007  0.0712042
      0.36  0.0332312   0.282276  0.0594622
      0.37  0.0217854   0.269755  0.0403149
      0.38   0.012467   0.264493  0.0238117
      0.39  0.0049783   0.244019 0.00975753
       0.4  0.0049783   0.274854 0.00977947
      0.41  0.0048081   0.283465 0.00945581
      0.42 0.00272317   0.360656 0.00540553
      0.43 0.00161688   0.451613 0.00322223
      0.44          0          0          0
      0.45          0          0          0
      0.46          0          0          0
      0.47          0          0          0
      0.48          0          0          0
      0.49          0          0          0
       0.5          0          0          0
      0.51          0          0          0
      0.52          0          0          0
      0.53          0          0          0
      0.54          0          0          0
      0.55          0          0          0
      0.56          0          0          0
      0.57          0          0          0
      0.58          0          0          0
      0.59          0          0          0
       0.6          0          0          0
      0.61          0          0          0
      0.62          0          0          0
      0.63          0          0          0
      0.64          0          0          0
      0.65          0          0          0
      0.66          0          0          0
      0.67          0          0          0
      0.68          0          0          0
      0.69          0          0          0
       0.7          0          0          0
      0.71          0          0          0
      0.72          0          0          0
      0.73          0          0          0
      0.74          0          0          0
      0.75          0          0          0
      0.76          0          0          0
      0.77          0          0          0
      0.78          0          0          0
      0.79          0          0          0
       0.8          0          0          0
      0.81          0          0          0
      0.82          0          0          0
      0.83          0          0          0
      0.84          0          0          0
      0.85          0          0          0
      0.86          0          0          0
      0.87          0          0          0
      0.88          0          0          0
      0.89          0          0          0
       0.9          0          0          0
      0.91          0          0          0
      0.92          0          0          0
      0.93          0          0          0
      0.94          0          0          0
      0.95          0          0          0
      0.96          0          0          0
      0.97          0          0          0
      0.98          0          0          0
      0.99          0          0          0
