         0          1   0.382258   0.553092
      0.01          1   0.466978   0.636653
      0.02    0.99796   0.502022   0.668005
      0.03   0.995991   0.535306   0.696351
      0.04   0.991481   0.582317   0.733711
      0.05   0.984359    0.58934   0.737272
      0.06   0.956083   0.546392   0.695381
      0.07   0.938008   0.523656   0.672102
      0.08   0.912595   0.522636   0.664639
      0.09   0.893482   0.525208   0.661546
       0.1   0.858442   0.530177   0.655509
      0.11   0.827374   0.537409   0.651588
      0.12   0.792369   0.538326   0.641098
      0.13   0.725831    0.54042   0.619551
      0.14   0.689144   0.544292   0.608212
      0.15   0.661405   0.558053    0.60535
      0.16   0.644905   0.568011    0.60402
      0.17   0.610867   0.576979   0.593439
      0.18   0.585955   0.584822   0.585388
      0.19   0.561044   0.605937   0.582627
       0.2   0.543971   0.624919   0.581642
      0.21   0.504528   0.651778   0.568777
      0.22   0.470704   0.674843   0.554584
      0.23   0.453488   0.687107   0.546372
      0.24   0.431154   0.702989   0.534494
      0.25    0.40796   0.711705   0.518632
      0.26   0.375676   0.724004   0.494672
      0.27   0.361394   0.728492    0.48312
      0.28   0.311607   0.728175   0.436447
      0.29   0.283761   0.727603   0.408291
       0.3   0.246072   0.716336   0.366311
      0.31   0.195497     0.7073   0.306326
      0.32   0.160421   0.693459   0.260564
      0.33   0.125631   0.648438   0.210482
      0.34  0.0969254   0.615128   0.167464
      0.35  0.0694728   0.579634   0.124074
      0.36  0.0505387   0.562588  0.0927458
      0.37  0.0358281   0.550898  0.0672805
      0.38  0.0330363       0.54  0.0622634
      0.39  0.0289201   0.529506  0.0548448
       0.4  0.0244819   0.523732  0.0467772
      0.41  0.0215111   0.521959  0.0413194
      0.42  0.0202942   0.516637  0.0390543
      0.43  0.0202226   0.514184  0.0389148
      0.44   0.020151   0.515315  0.0387854
      0.45  0.0197215   0.511927  0.0379799
      0.46  0.0191489   0.509398  0.0369102
      0.47  0.0188267   0.508571  0.0363093
      0.48  0.0180035   0.508946  0.0347768
      0.49  0.0173235    0.50308  0.0334936
       0.5  0.0170729        0.5  0.0330184
      0.51  0.0154623   0.491304   0.029981
      0.52  0.0147106   0.486726  0.0285581
      0.53  0.0141379    0.48307  0.0274719
      0.54   0.013959   0.484018  0.0271354
      0.55  0.0134579   0.484848  0.0261889
      0.56  0.0133505   0.484634  0.0259852
      0.57  0.0132073   0.485222  0.0257148
      0.58  0.0128494   0.483204  0.0250332
      0.59  0.0124557   0.463889    0.02426
       0.6   0.012062   0.453488   0.023499
      0.61 0.00995025   0.433121  0.0194536
      0.62 0.00948495   0.430034  0.0185605
      0.63 0.00898386   0.414545  0.0175866
      0.64  0.0069437   0.380165  0.0136383
      0.65 0.00576255   0.339713  0.0113329
      0.66 0.00365081   0.282051 0.00720832
      0.67 0.00243387   0.268293 0.00482399
      0.68 0.00218333   0.224299 0.00432456
      0.69 0.00178961   0.210526 0.00354906
       0.7 0.000823222   0.136986 0.00163661
      0.71 0.000429507  0.0652174 0.000853394
      0.72          0          0          0
      0.73          0          0          0
      0.74          0          0          0
      0.75          0          0          0
      0.76          0          0          0
      0.77          0          0          0
      0.78          0          0          0
      0.79          0          0          0
       0.8          0          0          0
      0.81          0          0          0
      0.82          0          0          0
      0.83          0          0          0
      0.84          0          0          0
      0.85          0          0          0
      0.86          0          0          0
      0.87          0          0          0
      0.88          0          0          0
      0.89          0          0          0
       0.9          0          0          0
      0.91          0          0          0
      0.92          0          0          0
      0.93          0          0          0
      0.94          0          0          0
      0.95          0          0          0
      0.96          0          0          0
      0.97          0          0          0
      0.98          0          0          0
      0.99          0          0          0
