         0          1   0.331079    0.49746
      0.01          1   0.333953   0.500697
      0.02   0.999502   0.360069   0.529416
      0.03    0.99718   0.382701   0.553123
      0.04   0.989383   0.392978   0.562525
      0.05   0.984904   0.368197   0.536011
      0.06    0.97748   0.321347   0.483683
      0.07   0.972918   0.314489    0.47533
      0.08    0.96425   0.316438   0.476503
      0.09   0.956661   0.318659   0.478074
       0.1   0.942518   0.324013   0.482243
      0.11   0.927795   0.330834   0.487747
      0.12   0.911165   0.336164   0.491131
      0.13   0.885742   0.345232    0.49682
      0.14   0.870687   0.353507   0.502852
      0.15   0.842195   0.363193    0.50752
      0.16   0.819633   0.368345   0.508272
      0.17    0.76746   0.375527   0.504296
      0.18   0.733286   0.381479    0.50187
      0.19   0.664026   0.390303   0.491633
       0.2   0.631014   0.398952    0.48884
      0.21   0.562293   0.412952   0.476188
      0.22   0.506428   0.421597   0.460135
      0.23   0.468107   0.426406   0.446285
      0.24   0.407142   0.428876   0.417726
      0.25    0.37724   0.428495   0.401237
      0.26   0.316108   0.412853   0.358061
      0.27   0.272022   0.400592   0.324019
      0.28   0.223582   0.379464   0.281376
      0.29   0.191108    0.35387   0.248184
       0.3    0.13852   0.325863   0.194402
      0.31   0.102439   0.293324   0.151847
      0.32  0.0780524   0.278521   0.121934
      0.33  0.0573573   0.257562  0.0938213
      0.34  0.0472379    0.24975  0.0794488
      0.35  0.0370355   0.242794  0.0642677
      0.36  0.0328467   0.238263  0.0577342
      0.37  0.0299851   0.238411  0.0532703
      0.38  0.0247595   0.240057  0.0448891
      0.39  0.0192435   0.234528  0.0355686
       0.4  0.0149718   0.245645  0.0282234
      0.41  0.0138106   0.260437  0.0262302
      0.42  0.0135617   0.266234  0.0258087
      0.43  0.0128152    0.26988  0.0244685
      0.44   0.012359      0.275  0.0236549
      0.45  0.0117784    0.27381  0.0225852
      0.46 0.00945587   0.251634  0.0182268
      0.47  0.0060136   0.212121  0.0116956
      0.48 0.00593066   0.225108  0.0115568
      0.49 0.00572329   0.218605  0.0111545
       0.5 0.00572329   0.233503  0.0111727
      0.51 0.00526709   0.215909  0.0102833
      0.52 0.00485236   0.196429 0.00947076
      0.53 0.00485236        0.2 0.00947484
      0.54 0.00410584   0.177632 0.00802616
      0.55 0.00352522   0.161765 0.00690006
      0.56 0.00327638   0.160305 0.00642151
      0.57 0.00244691   0.127119 0.00480141
      0.58 0.00244691   0.108108 0.00478551
      0.59 0.00116125  0.0645161 0.00228143
       0.6 0.000248839  0.0243902 0.000492651
      0.61          0          0          0
      0.62          0          0          0
      0.63          0          0          0
      0.64          0          0          0
      0.65          0          0          0
      0.66          0          0          0
      0.67          0          0          0
      0.68          0          0          0
      0.69          0          0          0
       0.7          0          0          0
      0.71          0          0          0
      0.72          0          0          0
      0.73          0          0          0
      0.74          0          0          0
      0.75          0          0          0
      0.76          0          0          0
      0.77          0          0          0
      0.78          0          0          0
      0.79          0          0          0
       0.8          0          0          0
      0.81          0          0          0
      0.82          0          0          0
      0.83          0          0          0
      0.84          0          0          0
      0.85          0          0          0
      0.86          0          0          0
      0.87          0          0          0
      0.88          0          0          0
      0.89          0          0          0
       0.9          0          0          0
      0.91          0          0          0
      0.92          0          0          0
      0.93          0          0          0
      0.94          0          0          0
      0.95          0          0          0
      0.96          0          0          0
      0.97          0          0          0
      0.98          0          0          0
      0.99          0          0          0
