         0          1   0.172013   0.293534
      0.01   0.999857   0.268083   0.422803
      0.02   0.993832   0.360415   0.528991
      0.03   0.989028   0.337397   0.503149
      0.04    0.98243   0.270418   0.424101
      0.05   0.965075   0.245654   0.391623
      0.06   0.950445    0.28177   0.434676
      0.07   0.927209   0.327202   0.483708
      0.08   0.891351   0.382664   0.535454
      0.09   0.862593   0.417108    0.56231
       0.1   0.807157    0.45537   0.582253
      0.11    0.75796   0.486428   0.592569
      0.12   0.727625   0.505176   0.596331
      0.13   0.696429    0.52593   0.599288
      0.14   0.672117   0.530418   0.592919
      0.15   0.618832   0.531075   0.571605
      0.16   0.572361   0.528862   0.549752
      0.17   0.531483   0.517075    0.52418
      0.18   0.481426   0.501599   0.491305
      0.19   0.426707   0.477888   0.450849
       0.2    0.40175   0.464431   0.430823
      0.21   0.345382   0.434018    0.38466
      0.22    0.30393   0.402305   0.346266
      0.23    0.27675   0.377545   0.319384
      0.24    0.24498   0.344418   0.286311
      0.25    0.21364   0.322845   0.257128
      0.26   0.183376   0.289116   0.224414
      0.27   0.152467   0.257369   0.191493
      0.28   0.122418   0.216424   0.156381
      0.29    0.08821   0.182405   0.118914
       0.3  0.0678428   0.168874  0.0967983
      0.31   0.046615   0.158526   0.072045
      0.32  0.0458262   0.150435  0.0702519
      0.33  0.0378657   0.145307  0.0600762
      0.34  0.0376506    0.14537  0.0598104
      0.35  0.0373637   0.144349  0.0593621
      0.36  0.0369334    0.14067  0.0585059
      0.37   0.036288   0.134951  0.0571962
      0.38  0.0354274   0.128431  0.0555355
      0.39  0.0336345   0.115346  0.0520821
       0.4  0.0263913  0.0992835  0.0416984
      0.41  0.0231641  0.0815047  0.0360754
      0.42  0.0149885  0.0541712  0.0234803
      0.43  0.0148451  0.0502183   0.022916
      0.44 0.00659782  0.0345596  0.0110803
      0.45 0.00659782  0.0336323  0.0110315
      0.46 0.00588067  0.0274286  0.0096849
      0.47 0.00588067  0.0266512 0.00963528
      0.48 0.00552209  0.0238095 0.00896496
      0.49 0.00523523  0.0220588 0.00846213
       0.5 0.00523523   0.021978 0.00845617
      0.51 0.00337063  0.0160428 0.00557081
      0.52 0.00337063  0.0214797 0.00582689
      0.53 0.00308376  0.0243902 0.00547527
      0.54 0.00215146  0.0238095 0.00394633
      0.55 0.00215146  0.0326087  0.0040366
      0.56 0.00179289  0.0261438 0.00335565
      0.57 0.00164945  0.0229008 0.00307727
      0.58 0.000573723 0.00934579 0.00108108
      0.59          0          0          0
       0.6          0          0          0
      0.61          0          0          0
      0.62          0          0          0
      0.63          0          0          0
      0.64          0          0          0
      0.65          0          0          0
      0.66          0          0          0
      0.67          0          0          0
      0.68          0          0          0
      0.69          0          0          0
       0.7          0          0          0
      0.71          0          0          0
      0.72          0          0          0
      0.73          0          0          0
      0.74          0          0          0
      0.75          0          0          0
      0.76          0          0          0
      0.77          0          0          0
      0.78          0          0          0
      0.79          0          0          0
       0.8          0          0          0
      0.81          0          0          0
      0.82          0          0          0
      0.83          0          0          0
      0.84          0          0          0
      0.85          0          0          0
      0.86          0          0          0
      0.87          0          0          0
      0.88          0          0          0
      0.89          0          0          0
       0.9          0          0          0
      0.91          0          0          0
      0.92          0          0          0
      0.93          0          0          0
      0.94          0          0          0
      0.95          0          0          0
      0.96          0          0          0
      0.97          0          0          0
      0.98          0          0          0
      0.99          0          0          0
