         0          1   0.171113   0.292223
      0.01          1   0.203382   0.338018
      0.02   0.999619   0.281714   0.439552
      0.03   0.998762   0.247385   0.396548
      0.04   0.990474   0.181004   0.306074
      0.05   0.983235   0.168977   0.288391
      0.06    0.97009   0.174615   0.295958
      0.07   0.943037   0.182157   0.305335
      0.08   0.910745   0.207179   0.337568
      0.09   0.889789   0.236326   0.373461
       0.1   0.849876   0.288623   0.430907
      0.11   0.806154   0.345797   0.483989
      0.12   0.786054   0.377077   0.509664
      0.13   0.744809   0.410503   0.529288
      0.14   0.700991   0.420466   0.525643
      0.15   0.639931   0.422278   0.508806
      0.16   0.582778    0.41079   0.481898
      0.17   0.495428   0.388833   0.435706
      0.18   0.419223   0.365316   0.390418
      0.19   0.352829   0.335161   0.343768
       0.2   0.313012   0.311333    0.31217
      0.21   0.266336   0.282443   0.274153
      0.22   0.241856   0.254449   0.247993
      0.23   0.207468   0.224936   0.215849
      0.24   0.165651   0.187197   0.175766
      0.25   0.149362   0.171712   0.159759
      0.26   0.112498   0.154715   0.130271
      0.27   0.109449   0.145226   0.124825
      0.28   0.103639   0.136657   0.117879
      0.29  0.0971614   0.134638    0.11287
       0.3   0.091446   0.123263   0.104997
      0.31  0.0846828   0.110974   0.096062
      0.32  0.0794437  0.0977444   0.087649
      0.33  0.0582016   0.081306  0.0678406
      0.34  0.0443894   0.074887  0.0557393
      0.35  0.0376262  0.0687173  0.0486268
      0.36  0.0351496  0.0667107  0.0460406
      0.37  0.0307678  0.0602007  0.0407227
      0.38  0.0252429  0.0579809  0.0351728
      0.39  0.0232425  0.0556338  0.0327873
       0.4  0.0215279  0.0523673  0.0305124
      0.41  0.0123833  0.0480841  0.0196946
      0.42  0.0123833  0.0476556  0.0196584
      0.43  0.0108592  0.0439906  0.0174186
      0.44  0.0108592  0.0420032  0.0172569
      0.45  0.0108592  0.0439189   0.017413
      0.46   0.010764  0.0455373  0.0174121
      0.47  0.0105734   0.047343  0.0172862
      0.48  0.0103829  0.0486772  0.0171152
      0.49  0.0103829  0.0515118  0.0172824
       0.5 0.00981139  0.0471338  0.0162419
      0.51 0.00933511  0.0455801  0.0154964
      0.52 0.00876357  0.0444763  0.0146421
      0.53 0.00819204  0.0406627  0.0136368
      0.54 0.00771576  0.0412044  0.0129976
      0.55  0.0076205  0.0418182  0.0128917
      0.56 0.00695371  0.0471092  0.0121186
      0.57 0.00676319  0.0574713  0.0121022
      0.58 0.00657268  0.0637584  0.0119169
      0.59 0.00590589  0.0717489  0.0109135
       0.6 0.00571537  0.0789474  0.0106591
      0.61 0.00495332  0.0872483 0.00937444
      0.62 0.00390551  0.0854701 0.00746969
      0.63  0.0030482   0.119403 0.00594464
      0.64 0.00238141   0.137931 0.00468198
      0.65 0.00180987       0.25 0.00359372
      0.66          0          0          0
      0.67          0          0          0
      0.68          0          0          0
      0.69          0          0          0
       0.7          0          0          0
      0.71          0          0          0
      0.72          0          0          0
      0.73          0          0          0
      0.74          0          0          0
      0.75          0          0          0
      0.76          0          0          0
      0.77          0          0          0
      0.78          0          0          0
      0.79          0          0          0
       0.8          0          0          0
      0.81          0          0          0
      0.82          0          0          0
      0.83          0          0          0
      0.84          0          0          0
      0.85          0          0          0
      0.86          0          0          0
      0.87          0          0          0
      0.88          0          0          0
      0.89          0          0          0
       0.9          0          0          0
      0.91          0          0          0
      0.92          0          0          0
      0.93          0          0          0
      0.94          0          0          0
      0.95          0          0          0
      0.96          0          0          0
      0.97          0          0          0
      0.98          0          0          0
      0.99          0          0          0
