         0          1   0.391539   0.562742
      0.01   0.999965   0.434655   0.605931
      0.02    0.99229    0.51613   0.679056
      0.03   0.981953   0.534638   0.692328
      0.04     0.9638   0.490148   0.649823
      0.05    0.94337   0.452237   0.611385
      0.06   0.891295   0.436445    0.58596
      0.07   0.844232   0.438934   0.577575
      0.08    0.78196   0.453674   0.574207
      0.09   0.739978   0.464911   0.571046
       0.1   0.686817   0.483335   0.567384
      0.11   0.637616   0.504731   0.563444
      0.12    0.59269   0.520076   0.554014
      0.13   0.541176   0.537472   0.539318
      0.14   0.501086   0.546175    0.52266
      0.15   0.440076   0.559639   0.492708
      0.16   0.404822    0.56174   0.470543
      0.17    0.35478    0.56229   0.435058
      0.18    0.32692    0.56076    0.41304
      0.19   0.288723   0.554322   0.379684
       0.2    0.25806   0.543929   0.350046
      0.21   0.225154   0.530749   0.316179
      0.22   0.190181   0.519277     0.2784
      0.23   0.177775   0.504912   0.262963
      0.24   0.156189   0.468421   0.234265
      0.25   0.138317   0.450931   0.211698
      0.26   0.106602   0.391089   0.167537
      0.27  0.0909027    0.35141   0.144441
      0.28  0.0700519   0.289141    0.11278
      0.29  0.0552986   0.247863  0.0904235
       0.3   0.033046    0.16804  0.0552305
      0.31  0.0175217   0.120983  0.0306102
      0.32  0.0127909   0.104536  0.0227928
      0.33 0.00718391  0.0826446  0.0132188
      0.34 0.00550182  0.0738397  0.0102406
      0.35 0.00276843  0.0646552 0.00530952
      0.36 0.00276843  0.0610022  0.0052965
      0.37 0.00255817  0.0594714 0.00490534
      0.38 0.00255817  0.0581655  0.0049008
      0.39 0.00213765  0.0521542 0.00410697
       0.4 0.00150687  0.0436782 0.00291323
      0.41 0.00108635  0.0375587 0.00211162
      0.42 0.000805999  0.0335731 0.00157421
      0.43 0.000770956  0.0294118 0.00150253
      0.44 0.000770956  0.0274314 0.00149976
      0.45 0.000665826  0.0230179 0.00129421
      0.46 0.000665826  0.0207254  0.0012902
      0.47 0.000525652  0.0181818 0.00102176
      0.48 0.000525652  0.0156658 0.00101717
      0.49 0.000420521  0.0131926 0.000815062
       0.5 0.000420521  0.0106101 0.00080898
      0.51 0.000420521  0.0106667 0.000809143
      0.52 0.000350435 0.00813008 0.000671908
      0.53 0.000210261 0.00560224 0.00040531
      0.54 7.00869e-05  0.0028169 0.000136771
      0.55          0          0          0
      0.56          0          0          0
      0.57          0          0          0
      0.58          0          0          0
      0.59          0          0          0
       0.6          0          0          0
      0.61          0          0          0
      0.62          0          0          0
      0.63          0          0          0
      0.64          0          0          0
      0.65          0          0          0
      0.66          0          0          0
      0.67          0          0          0
      0.68          0          0          0
      0.69          0          0          0
       0.7          0          0          0
      0.71          0          0          0
      0.72          0          0          0
      0.73          0          0          0
      0.74          0          0          0
      0.75          0          0          0
      0.76          0          0          0
      0.77          0          0          0
      0.78          0          0          0
      0.79          0          0          0
       0.8          0          0          0
      0.81          0          0          0
      0.82          0          0          0
      0.83          0          0          0
      0.84          0          0          0
      0.85          0          0          0
      0.86          0          0          0
      0.87          0          0          0
      0.88          0          0          0
      0.89          0          0          0
       0.9          0          0          0
      0.91          0          0          0
      0.92          0          0          0
      0.93          0          0          0
      0.94          0          0          0
      0.95          0          0          0
      0.96          0          0          0
      0.97          0          0          0
      0.98          0          0          0
      0.99          0          0          0
