         0          1   0.205491   0.340925
      0.01   0.999417    0.31632   0.480545
      0.02   0.983835   0.324101    0.48758
      0.03   0.980002    0.25806    0.40854
      0.04   0.974752   0.282766   0.438366
      0.05   0.963003   0.306035   0.464466
      0.06    0.92584   0.348857   0.506765
      0.07   0.886176   0.382318   0.534178
      0.08   0.825098   0.427586   0.563271
      0.09   0.754354   0.447936   0.562097
       0.1   0.670861   0.455373   0.542502
      0.11   0.576452   0.434267   0.495358
      0.12   0.511041   0.404807   0.451763
      0.13   0.384301   0.344346   0.363228
      0.14   0.310974   0.294118   0.302311
      0.15   0.171986   0.221871   0.193769
      0.16   0.125906   0.199574   0.154403
      0.17  0.0862428   0.178686   0.116336
      0.18   0.067411   0.165535  0.0958066
      0.19   0.055912   0.157749  0.0825613
       0.2  0.0534122   0.159069  0.0799715
      0.21  0.0499958    0.15757  0.0759069
      0.22    0.04008   0.153931  0.0636001
      0.23  0.0339972   0.154913  0.0557578
      0.24  0.0338305   0.154122  0.0554824
      0.25  0.0324973   0.155473   0.053758
      0.26  0.0293309   0.151239   0.049133
      0.27   0.028581   0.152086  0.0481191
      0.28  0.0259145    0.14963  0.0441778
      0.29  0.0241647   0.144246  0.0413947
       0.3  0.0187484   0.136029  0.0329548
      0.31  0.0151654   0.128378  0.0271264
      0.32  0.0127489   0.121127  0.0230697
      0.33  0.0104158   0.122449  0.0191985
      0.34 0.00933256   0.126582  0.0173835
      0.35 0.00633281   0.151515  0.0121575
      0.36 0.00241647     0.0625 0.00465303
      0.37          0          0          0
      0.38          0          0          0
      0.39          0          0          0
       0.4          0          0          0
      0.41          0          0          0
      0.42          0          0          0
      0.43          0          0          0
      0.44          0          0          0
      0.45          0          0          0
      0.46          0          0          0
      0.47          0          0          0
      0.48          0          0          0
      0.49          0          0          0
       0.5          0          0          0
      0.51          0          0          0
      0.52          0          0          0
      0.53          0          0          0
      0.54          0          0          0
      0.55          0          0          0
      0.56          0          0          0
      0.57          0          0          0
      0.58          0          0          0
      0.59          0          0          0
       0.6          0          0          0
      0.61          0          0          0
      0.62          0          0          0
      0.63          0          0          0
      0.64          0          0          0
      0.65          0          0          0
      0.66          0          0          0
      0.67          0          0          0
      0.68          0          0          0
      0.69          0          0          0
       0.7          0          0          0
      0.71          0          0          0
      0.72          0          0          0
      0.73          0          0          0
      0.74          0          0          0
      0.75          0          0          0
      0.76          0          0          0
      0.77          0          0          0
      0.78          0          0          0
      0.79          0          0          0
       0.8          0          0          0
      0.81          0          0          0
      0.82          0          0          0
      0.83          0          0          0
      0.84          0          0          0
      0.85          0          0          0
      0.86          0          0          0
      0.87          0          0          0
      0.88          0          0          0
      0.89          0          0          0
       0.9          0          0          0
      0.91          0          0          0
      0.92          0          0          0
      0.93          0          0          0
      0.94          0          0          0
      0.95          0          0          0
      0.96          0          0          0
      0.97          0          0          0
      0.98          0          0          0
      0.99          0          0          0
