         0          1   0.406617   0.578148
      0.01   0.998573   0.526679   0.689627
      0.02   0.993143   0.527489   0.689019
      0.03   0.981489    0.50689   0.668522
      0.04   0.943079   0.529602   0.678295
      0.05   0.898763   0.546998   0.680087
      0.06   0.811281   0.560195   0.662754
      0.07   0.764151   0.566834   0.650866
      0.08   0.688957   0.564354   0.620461
      0.09   0.638893   0.562581   0.598314
       0.1   0.557674    0.55271   0.555181
      0.11   0.485294   0.537367   0.510005
      0.12   0.429602   0.523569   0.471954
      0.13   0.346956   0.491599   0.406803
      0.14   0.299905   0.462541   0.363877
      0.15   0.247978   0.413167   0.309936
      0.16   0.211075   0.379069   0.271161
      0.17   0.168781   0.332877    0.22399
      0.18   0.144244   0.304453   0.195747
      0.19   0.105993   0.252776   0.149358
       0.2   0.082131    0.22449   0.120263
      0.21  0.0526796   0.186954  0.0821976
      0.22  0.0361107   0.158596   0.058827
      0.23  0.0297685   0.146206  0.0494655
      0.24  0.0240606   0.136132  0.0408935
      0.25  0.0203345   0.128005  0.0350941
      0.26  0.0128825   0.113805   0.023145
      0.27  0.0124465   0.109739  0.0223572
      0.28  0.0113366  0.0960573  0.0202798
      0.29 0.00780878  0.0891239  0.0143594
       0.3 0.00705565  0.0804505  0.0129735
      0.31 0.00634216  0.0707587  0.0116409
      0.32 0.00558903   0.060495  0.0102327
      0.33 0.00558903  0.0711939  0.0103644
      0.34 0.00487554  0.0734177 0.00914384
      0.35 0.00459807   0.086262 0.00873075
      0.36 0.00459807  0.0956679 0.00877441
      0.37 0.00436023   0.110609 0.00838974
      0.38 0.00305216   0.124638 0.00595842
      0.39 0.00249723   0.177778 0.00492527
       0.4 0.00237831    0.20442 0.00470192
      0.41 0.00233867   0.210526 0.00462595
      0.42 0.00233867   0.181159 0.00461773
      0.43 0.00166482   0.145161 0.00329188
      0.44 0.00107024   0.130841 0.00212311
      0.45 0.00107024   0.147368 0.00212505
      0.46 0.00107024   0.171053 0.00212717
      0.47 0.00107024   0.244898 0.00213117
      0.48 0.000277469   0.264706 0.000554358
      0.49          0          0          0
       0.5          0          0          0
      0.51          0          0          0
      0.52          0          0          0
      0.53          0          0          0
      0.54          0          0          0
      0.55          0          0          0
      0.56          0          0          0
      0.57          0          0          0
      0.58          0          0          0
      0.59          0          0          0
       0.6          0          0          0
      0.61          0          0          0
      0.62          0          0          0
      0.63          0          0          0
      0.64          0          0          0
      0.65          0          0          0
      0.66          0          0          0
      0.67          0          0          0
      0.68          0          0          0
      0.69          0          0          0
       0.7          0          0          0
      0.71          0          0          0
      0.72          0          0          0
      0.73          0          0          0
      0.74          0          0          0
      0.75          0          0          0
      0.76          0          0          0
      0.77          0          0          0
      0.78          0          0          0
      0.79          0          0          0
       0.8          0          0          0
      0.81          0          0          0
      0.82          0          0          0
      0.83          0          0          0
      0.84          0          0          0
      0.85          0          0          0
      0.86          0          0          0
      0.87          0          0          0
      0.88          0          0          0
      0.89          0          0          0
       0.9          0          0          0
      0.91          0          0          0
      0.92          0          0          0
      0.93          0          0          0
      0.94          0          0          0
      0.95          0          0          0
      0.96          0          0          0
      0.97          0          0          0
      0.98          0          0          0
      0.99          0          0          0
