         0          1   0.361785    0.53134
      0.01          1   0.410852   0.582417
      0.02   0.996351    0.48928   0.656279
      0.03   0.992608   0.465553   0.633828
      0.04   0.988927   0.429732    0.59912
      0.05   0.984124   0.420802   0.589527
      0.06    0.97174   0.413928   0.580559
      0.07   0.959201    0.42053   0.584712
      0.08   0.925827   0.439818   0.596342
      0.09   0.882346   0.457647   0.602694
       0.1   0.803337   0.483099   0.603359
      0.11   0.715876   0.502625    0.59059
      0.12   0.657424   0.517173   0.578925
      0.13   0.596163   0.527855   0.559934
      0.14   0.541984   0.526882   0.534326
      0.15   0.478291    0.51725   0.497008
      0.16   0.438116   0.508977   0.470896
      0.17   0.382969   0.494607   0.431687
      0.18   0.357923   0.480382   0.410208
      0.19   0.318746   0.457358   0.375674
       0.2   0.298784   0.443324   0.356978
      0.21   0.264067   0.428699   0.326821
      0.22   0.235059   0.417361   0.300741
      0.23   0.224485   0.411299   0.290446
      0.24   0.201934   0.405655   0.269641
      0.25   0.194666   0.403822   0.262697
      0.26   0.181129   0.396226    0.24861
      0.27   0.168684    0.38396   0.234393
      0.28   0.159014   0.376426   0.223581
      0.29   0.150031   0.365737   0.212778
       0.3   0.140019   0.345658   0.199304
      0.31   0.124953   0.318924   0.179557
      0.32   0.116064   0.298429   0.167128
      0.33  0.0975047   0.274818    0.14394
      0.34  0.0901123    0.25853   0.133643
      0.35  0.0768559   0.235808   0.115928
      0.36  0.0701809      0.225    0.10699
      0.37  0.0601684   0.203358  0.0928615
      0.38  0.0468497   0.180258  0.0743702
      0.39  0.0349969    0.15748  0.0572672
       0.4  0.0247973   0.127726  0.0415314
      0.41  0.0136619  0.0734694  0.0230395
      0.42 0.00427324  0.0186047 0.00695013
      0.43 0.00227698 0.00985222 0.00369906
      0.44          0          0          0
      0.45          0          0          0
      0.46          0          0          0
      0.47          0          0          0
      0.48          0          0          0
      0.49          0          0          0
       0.5          0          0          0
      0.51          0          0          0
      0.52          0          0          0
      0.53          0          0          0
      0.54          0          0          0
      0.55          0          0          0
      0.56          0          0          0
      0.57          0          0          0
      0.58          0          0          0
      0.59          0          0          0
       0.6          0          0          0
      0.61          0          0          0
      0.62          0          0          0
      0.63          0          0          0
      0.64          0          0          0
      0.65          0          0          0
      0.66          0          0          0
      0.67          0          0          0
      0.68          0          0          0
      0.69          0          0          0
       0.7          0          0          0
      0.71          0          0          0
      0.72          0          0          0
      0.73          0          0          0
      0.74          0          0          0
      0.75          0          0          0
      0.76          0          0          0
      0.77          0          0          0
      0.78          0          0          0
      0.79          0          0          0
       0.8          0          0          0
      0.81          0          0          0
      0.82          0          0          0
      0.83          0          0          0
      0.84          0          0          0
      0.85          0          0          0
      0.86          0          0          0
      0.87          0          0          0
      0.88          0          0          0
      0.89          0          0          0
       0.9          0          0          0
      0.91          0          0          0
      0.92          0          0          0
      0.93          0          0          0
      0.94          0          0          0
      0.95          0          0          0
      0.96          0          0          0
      0.97          0          0          0
      0.98          0          0          0
      0.99          0          0          0
