         0          1   0.298178   0.459379
      0.01    0.99878   0.351939   0.520478
      0.02   0.990029   0.432269   0.601785
      0.03   0.976929   0.389114   0.556551
      0.04   0.958101   0.342258    0.50435
      0.05   0.949403   0.334072   0.494235
      0.06    0.92734   0.335875   0.493139
      0.07   0.908724   0.357798   0.513437
      0.08   0.857969   0.399289    0.54496
      0.09   0.810183   0.427364   0.559563
       0.1   0.741183   0.461421   0.568761
      0.11   0.666083   0.482773   0.559804
      0.12   0.605357   0.482103   0.536745
      0.13   0.513551   0.476621   0.494397
      0.14   0.454256    0.46971   0.461854
      0.15   0.397826   0.462044   0.427537
      0.16   0.354018   0.430055   0.388349
      0.17   0.305595   0.393795   0.344134
      0.18   0.271599   0.373423   0.314474
      0.19   0.241793   0.365416    0.29102
       0.2   0.233678   0.375769   0.288159
      0.21   0.214055   0.391086   0.276675
      0.22   0.191037   0.399174   0.258406
      0.23   0.182763   0.410555   0.252931
      0.24   0.170459   0.416168   0.241856
      0.25   0.160223   0.414424   0.231099
      0.26   0.139963   0.420922   0.210073
      0.27   0.126545   0.430962   0.195642
      0.28   0.101087   0.434932   0.164047
      0.29  0.0905861   0.448498   0.150728
       0.3  0.0639088   0.475884   0.112685
      0.31  0.0399364    0.46988  0.0736159
      0.32  0.0298595   0.504348  0.0563809
      0.33   0.021851   0.565217  0.0420753
      0.34  0.0171307   0.571429  0.0332642
      0.35   0.011721   0.633333  0.0230161
      0.36 0.00869796      0.625  0.0171571
      0.37  0.0071599   0.647059  0.0141631
      0.38  0.0040838      0.625 0.00811457
      0.39 0.000212145       0.25 0.000423931
       0.4          0          0          0
      0.41          0          0          0
      0.42          0          0          0
      0.43          0          0          0
      0.44          0          0          0
      0.45          0          0          0
      0.46          0          0          0
      0.47          0          0          0
      0.48          0          0          0
      0.49          0          0          0
       0.5          0          0          0
      0.51          0          0          0
      0.52          0          0          0
      0.53          0          0          0
      0.54          0          0          0
      0.55          0          0          0
      0.56          0          0          0
      0.57          0          0          0
      0.58          0          0          0
      0.59          0          0          0
       0.6          0          0          0
      0.61          0          0          0
      0.62          0          0          0
      0.63          0          0          0
      0.64          0          0          0
      0.65          0          0          0
      0.66          0          0          0
      0.67          0          0          0
      0.68          0          0          0
      0.69          0          0          0
       0.7          0          0          0
      0.71          0          0          0
      0.72          0          0          0
      0.73          0          0          0
      0.74          0          0          0
      0.75          0          0          0
      0.76          0          0          0
      0.77          0          0          0
      0.78          0          0          0
      0.79          0          0          0
       0.8          0          0          0
      0.81          0          0          0
      0.82          0          0          0
      0.83          0          0          0
      0.84          0          0          0
      0.85          0          0          0
      0.86          0          0          0
      0.87          0          0          0
      0.88          0          0          0
      0.89          0          0          0
       0.9          0          0          0
      0.91          0          0          0
      0.92          0          0          0
      0.93          0          0          0
      0.94          0          0          0
      0.95          0          0          0
      0.96          0          0          0
      0.97          0          0          0
      0.98          0          0          0
      0.99          0          0          0
