         0          1   0.242084   0.389803
      0.01          1   0.301972   0.463868
      0.02   0.998087   0.381068   0.551553
      0.03   0.994143   0.330742   0.496353
      0.04   0.988285   0.283888   0.441076
      0.05   0.985117   0.265412   0.418162
      0.06   0.976033   0.278172   0.432951
      0.07    0.96641   0.307092    0.46608
      0.08   0.929771   0.355558   0.514401
      0.09   0.909091    0.38998   0.545817
       0.1   0.866296   0.432995   0.577395
      0.11   0.802941   0.461193   0.585873
      0.12    0.75387   0.471874   0.580434
      0.13   0.647839   0.471776   0.545964
      0.14   0.605284   0.467532   0.527564
      0.15   0.532006   0.448116   0.486471
      0.16   0.481501   0.430384    0.45451
      0.17    0.40404   0.394466   0.399196
      0.18   0.362381   0.373867   0.368035
      0.19   0.296575    0.34268   0.317965
       0.2   0.263463    0.32325    0.29031
      0.21   0.226466   0.298222   0.257437
      0.22   0.204112   0.273423   0.233737
      0.23   0.180623   0.255791   0.211733
      0.24   0.144582   0.221294   0.174896
      0.25   0.129281   0.202812   0.157906
      0.26   0.107943   0.179357   0.134775
      0.27  0.0910884   0.160673   0.116264
      0.28  0.0591716   0.115432  0.0782378
      0.29  0.0478752   0.098277  0.0643854
       0.3  0.0307812  0.0802721  0.0444988
      0.31  0.0219353  0.0722264  0.0336508
      0.32  0.0174526  0.0742251  0.0282604
      0.33  0.0160779  0.0874486   0.027162
      0.34  0.0109378  0.0961538  0.0196413
      0.35  0.0106389   0.135084  0.0197244
      0.36  0.0102803   0.184659  0.0194764
      0.37 0.00860678   0.227848   0.016587
      0.38 0.00830793   0.295858   0.016162
      0.39 0.00705278   0.380952  0.0138492
       0.4 0.00543901   0.355263   0.010714
      0.41 0.00257008   0.371429 0.00510484
      0.42 0.000956309   0.181818 0.00190261
      0.43 0.000956309   0.266667 0.00190578
      0.44 0.000597693   0.333333 0.00119325
      0.45          0          0          0
      0.46          0          0          0
      0.47          0          0          0
      0.48          0          0          0
      0.49          0          0          0
       0.5          0          0          0
      0.51          0          0          0
      0.52          0          0          0
      0.53          0          0          0
      0.54          0          0          0
      0.55          0          0          0
      0.56          0          0          0
      0.57          0          0          0
      0.58          0          0          0
      0.59          0          0          0
       0.6          0          0          0
      0.61          0          0          0
      0.62          0          0          0
      0.63          0          0          0
      0.64          0          0          0
      0.65          0          0          0
      0.66          0          0          0
      0.67          0          0          0
      0.68          0          0          0
      0.69          0          0          0
       0.7          0          0          0
      0.71          0          0          0
      0.72          0          0          0
      0.73          0          0          0
      0.74          0          0          0
      0.75          0          0          0
      0.76          0          0          0
      0.77          0          0          0
      0.78          0          0          0
      0.79          0          0          0
       0.8          0          0          0
      0.81          0          0          0
      0.82          0          0          0
      0.83          0          0          0
      0.84          0          0          0
      0.85          0          0          0
      0.86          0          0          0
      0.87          0          0          0
      0.88          0          0          0
      0.89          0          0          0
       0.9          0          0          0
      0.91          0          0          0
      0.92          0          0          0
      0.93          0          0          0
      0.94          0          0          0
      0.95          0          0          0
      0.96          0          0          0
      0.97          0          0          0
      0.98          0          0          0
      0.99          0          0          0
