         0          1   0.319512   0.484288
      0.01   0.999929   0.321303   0.486334
      0.02   0.996107   0.304307   0.466194
      0.03   0.991648   0.303542   0.464807
      0.04    0.98818   0.309911   0.471844
      0.05    0.97997    0.30997   0.470969
      0.06   0.961498   0.308707   0.467359
      0.07   0.937292   0.308691   0.464427
      0.08    0.87416   0.301768   0.448655
      0.09   0.806356   0.295669   0.432684
       0.1   0.701394    0.29357   0.413901
      0.11   0.591195   0.287103   0.386506
      0.12   0.521198   0.287257    0.37038
      0.13   0.414891   0.280482   0.334697
      0.14   0.347229   0.273612   0.306056
      0.15   0.223512   0.253743    0.23767
      0.16   0.188761    0.24977   0.215022
      0.17   0.135537   0.235937   0.172169
      0.18   0.104891   0.222715   0.142615
      0.19  0.0718381   0.215508   0.107756
       0.2  0.0549225   0.208721   0.086962
      0.21   0.036096   0.197837  0.0610527
      0.22  0.0273197   0.184011  0.0475759
      0.23  0.0235685   0.175793  0.0415645
      0.24  0.0178357   0.154503  0.0319796
      0.25  0.0156416   0.147394  0.0282819
      0.26  0.0140845   0.139091  0.0255789
      0.27 0.00983792   0.118782  0.0181709
      0.28 0.00849317    0.11462  0.0158145
      0.29 0.00821006    0.11622  0.0153367
       0.3 0.00736075   0.110092  0.0137989
      0.31 0.00679454   0.108856  0.0127907
      0.32 0.00644065   0.108163  0.0121574
      0.33 0.00530823  0.0946292  0.0100526
      0.34 0.00410503  0.0670927  0.0077367
      0.35 0.000353882  0.0418605 0.000701831
      0.36 0.000353882  0.0545455 0.000703202
      0.37 0.000353882  0.0857143 0.000704854
      0.38 0.000353882   0.102273 0.000705324
      0.39 0.000353882   0.183673 0.000706403
       0.4 0.000353882   0.264706 0.000706819
      0.41 0.000353882   0.346154 0.000707041
      0.42 0.000353882   0.636364 0.000707371
      0.43 0.000353882          1 0.000707514
      0.44          0          0          0
      0.45          0          0          0
      0.46          0          0          0
      0.47          0          0          0
      0.48          0          0          0
      0.49          0          0          0
       0.5          0          0          0
      0.51          0          0          0
      0.52          0          0          0
      0.53          0          0          0
      0.54          0          0          0
      0.55          0          0          0
      0.56          0          0          0
      0.57          0          0          0
      0.58          0          0          0
      0.59          0          0          0
       0.6          0          0          0
      0.61          0          0          0
      0.62          0          0          0
      0.63          0          0          0
      0.64          0          0          0
      0.65          0          0          0
      0.66          0          0          0
      0.67          0          0          0
      0.68          0          0          0
      0.69          0          0          0
       0.7          0          0          0
      0.71          0          0          0
      0.72          0          0          0
      0.73          0          0          0
      0.74          0          0          0
      0.75          0          0          0
      0.76          0          0          0
      0.77          0          0          0
      0.78          0          0          0
      0.79          0          0          0
       0.8          0          0          0
      0.81          0          0          0
      0.82          0          0          0
      0.83          0          0          0
      0.84          0          0          0
      0.85          0          0          0
      0.86          0          0          0
      0.87          0          0          0
      0.88          0          0          0
      0.89          0          0          0
       0.9          0          0          0
      0.91          0          0          0
      0.92          0          0          0
      0.93          0          0          0
      0.94          0          0          0
      0.95          0          0          0
      0.96          0          0          0
      0.97          0          0          0
      0.98          0          0          0
      0.99          0          0          0
