         0          1   0.384732   0.555677
      0.01   0.996735   0.448015   0.618172
      0.02   0.984647   0.473886   0.639835
      0.03   0.978116   0.404782     0.5726
      0.04   0.965112   0.396412   0.561991
      0.05   0.916017    0.40844   0.564968
      0.06   0.827853   0.448002   0.581382
      0.07   0.791819   0.479691   0.597445
      0.08   0.717404   0.521363   0.603871
      0.09   0.675928   0.544097    0.60289
       0.1   0.583009   0.566221   0.574492
      0.11   0.500516   0.566041   0.531266
      0.12   0.445635   0.556638   0.494989
      0.13   0.352314   0.516652   0.418944
      0.14   0.294225   0.474483    0.36322
      0.15   0.228002   0.418561     0.2952
      0.16   0.201306   0.396922   0.267132
      0.17   0.175412   0.366997    0.23737
      0.18   0.144879   0.341606   0.203465
      0.19    0.11549   0.317137    0.16932
       0.2   0.103517   0.308655   0.155038
      0.21  0.0983616   0.305714   0.148836
      0.22  0.0882218   0.299026   0.136247
      0.23  0.0855866   0.299496   0.133129
      0.24  0.0750458   0.295952   0.119731
      0.25  0.0706347   0.291183   0.113691
      0.26  0.0560839   0.283442  0.0936395
      0.27  0.0479491   0.274169  0.0816233
      0.28  0.0359762    0.26045  0.0632197
      0.29  0.0273258   0.254195  0.0493469
       0.3  0.0230866   0.257856  0.0423789
      0.31  0.0182745   0.256098  0.0341147
      0.32  0.0128323   0.248401  0.0244038
      0.33  0.0100252   0.211251   0.019142
      0.34 0.00933776   0.202576  0.0178526
      0.35 0.00905133   0.191617  0.0172861
      0.36 0.00905133   0.186667  0.0172655
      0.37 0.00882218   0.176845   0.016806
      0.38 0.00790559   0.162483  0.0150776
      0.39 0.00721815   0.144828   0.013751
       0.4 0.00653071   0.131728  0.0124445
      0.41 0.00549954   0.110457  0.0104774
      0.42 0.00469753   0.101721 0.00898034
      0.43  0.0039528  0.0935484 0.00758509
      0.44 0.00337993  0.0884354 0.00651101
      0.45 0.00337993  0.0886957 0.00651171
      0.46 0.00246334  0.0652174 0.00474736
      0.47 0.00229148  0.0537037  0.0043954
      0.48 0.00143217  0.0359168 0.00275451
      0.49 0.00137489  0.0345489 0.00264453
       0.5 0.00137489  0.0333333 0.00264085
      0.51 0.00137489  0.0258964 0.00261114
      0.52 0.000687443  0.0142857 0.00131176
      0.53 0.000687443 0.00883002 0.00127558
      0.54 0.000229148 0.00233645 0.000417362
      0.55          0          0          0
      0.56          0          0          0
      0.57          0          0          0
      0.58          0          0          0
      0.59          0          0          0
       0.6          0          0          0
      0.61          0          0          0
      0.62          0          0          0
      0.63          0          0          0
      0.64          0          0          0
      0.65          0          0          0
      0.66          0          0          0
      0.67          0          0          0
      0.68          0          0          0
      0.69          0          0          0
       0.7          0          0          0
      0.71          0          0          0
      0.72          0          0          0
      0.73          0          0          0
      0.74          0          0          0
      0.75          0          0          0
      0.76          0          0          0
      0.77          0          0          0
      0.78          0          0          0
      0.79          0          0          0
       0.8          0          0          0
      0.81          0          0          0
      0.82          0          0          0
      0.83          0          0          0
      0.84          0          0          0
      0.85          0          0          0
      0.86          0          0          0
      0.87          0          0          0
      0.88          0          0          0
      0.89          0          0          0
       0.9          0          0          0
      0.91          0          0          0
      0.92          0          0          0
      0.93          0          0          0
      0.94          0          0          0
      0.95          0          0          0
      0.96          0          0          0
      0.97          0          0          0
      0.98          0          0          0
      0.99          0          0          0
