         0          1   0.108911   0.196429
      0.01          1   0.130889   0.231479
      0.02   0.998659   0.147422   0.256918
      0.03   0.994099   0.141154   0.247207
      0.04   0.988466   0.138022   0.242222
      0.05   0.987661   0.146198   0.254695
      0.06   0.980284   0.153132   0.264885
      0.07   0.972371   0.159123   0.273491
      0.08   0.929855   0.165231   0.280601
      0.09   0.888814   0.166525   0.280497
       0.1    0.80794   0.168778   0.279226
      0.11   0.690182   0.169501   0.272162
      0.12   0.604882   0.168264   0.263288
      0.13   0.486856    0.16813   0.249945
      0.14    0.43133   0.166667   0.240431
      0.15   0.325644   0.159533   0.214153
      0.16   0.276824   0.148589   0.193379
      0.17   0.206813   0.133088   0.161955
      0.18   0.156786   0.114439   0.132307
      0.19  0.0944206  0.0829171  0.0882957
       0.2  0.0851663  0.0768415    0.08079
      0.21  0.0650483  0.0626765  0.0638403
      0.22  0.0500268  0.0558195  0.0527646
      0.23  0.0327253  0.0494505  0.0393859
      0.24  0.0287017  0.0475297  0.0357906
      0.25  0.0276288  0.0455985  0.0344088
      0.26  0.0258852  0.0433938  0.0324271
      0.27  0.0250805  0.0419672  0.0313973
      0.28  0.0248122  0.0394558  0.0304657
      0.29  0.0232028   0.037193  0.0285775
       0.3  0.0199839  0.0342262  0.0252342
      0.31  0.0120708  0.0294586  0.0171247
      0.32  0.0104614  0.0280136  0.0152338
      0.33 0.00643777  0.0296651  0.0105796
      0.34 0.00643777  0.0311526  0.0106705
      0.35 0.00643777  0.0359712   0.010921
      0.36 0.00643777  0.0360963  0.0109268
      0.37 0.00643777  0.0358255  0.0109143
      0.38 0.00362124  0.0311958 0.00648921
      0.39 0.00362124      0.034 0.00654536
       0.4 0.00362124  0.0374449 0.00660384
      0.41 0.00362124  0.0411311 0.00665645
      0.42 0.00362124  0.0386905 0.00662264
      0.43 0.00362124  0.0409556 0.00665414
      0.44 0.000670601  0.0348259 0.00131586
      0.45 0.000670601   0.041958  0.0013201
      0.46 0.000670601  0.0740741 0.00132917
      0.47 0.000670601   0.133333 0.00133449
      0.48 0.000670601   0.277778 0.00133797
      0.49 0.000670601   0.357143 0.00133869
       0.5 0.000670601        0.5 0.00133941
      0.51 0.000670601        0.5 0.00133941
      0.52 0.000670601        0.5 0.00133941
      0.53          0          0          0
      0.54          0          0          0
      0.55          0          0          0
      0.56          0          0          0
      0.57          0          0          0
      0.58          0          0          0
      0.59          0          0          0
       0.6          0          0          0
      0.61          0          0          0
      0.62          0          0          0
      0.63          0          0          0
      0.64          0          0          0
      0.65          0          0          0
      0.66          0          0          0
      0.67          0          0          0
      0.68          0          0          0
      0.69          0          0          0
       0.7          0          0          0
      0.71          0          0          0
      0.72          0          0          0
      0.73          0          0          0
      0.74          0          0          0
      0.75          0          0          0
      0.76          0          0          0
      0.77          0          0          0
      0.78          0          0          0
      0.79          0          0          0
       0.8          0          0          0
      0.81          0          0          0
      0.82          0          0          0
      0.83          0          0          0
      0.84          0          0          0
      0.85          0          0          0
      0.86          0          0          0
      0.87          0          0          0
      0.88          0          0          0
      0.89          0          0          0
       0.9          0          0          0
      0.91          0          0          0
      0.92          0          0          0
      0.93          0          0          0
      0.94          0          0          0
      0.95          0          0          0
      0.96          0          0          0
      0.97          0          0          0
      0.98          0          0          0
      0.99          0          0          0
