         0          1   0.354609   0.523559
      0.01          1   0.399411   0.570827
      0.02   0.998833   0.497465   0.664152
      0.03   0.996056   0.516627   0.680367
      0.04   0.989092   0.466889   0.634344
      0.05   0.982572   0.396788   0.565295
      0.06   0.972349   0.366944   0.532815
      0.07   0.966875   0.379495   0.545057
      0.08   0.959227   0.407791   0.572288
      0.09   0.952023   0.426802   0.589379
       0.1   0.936728   0.454149    0.61172
      0.11   0.911612   0.481964   0.630557
      0.12   0.888106   0.499267   0.639197
      0.13   0.853733   0.526812   0.651564
      0.14   0.830912   0.538393   0.653408
      0.15    0.77742   0.559769   0.650881
      0.16   0.753069   0.573285   0.650992
      0.17   0.714993   0.589838   0.646413
      0.18   0.674341   0.596509   0.633041
      0.19   0.623948   0.604143   0.613886
       0.2   0.581445   0.603267   0.592155
      0.21   0.525055   0.598148   0.559223
      0.22   0.467418   0.584219   0.519332
      0.23    0.43393   0.566239   0.491333
      0.24   0.371745    0.52118   0.433958
      0.25    0.31777    0.48846   0.385046
      0.26   0.238237   0.420056   0.304038
      0.27   0.176937   0.368257   0.239028
      0.28   0.132622   0.323192    0.18807
      0.29   0.102878   0.281369   0.150667
       0.3  0.0812638   0.252867   0.122999
      0.31   0.066613   0.234772    0.10378
      0.32  0.0632723    0.22852  0.0991047
      0.33  0.0552626   0.216809  0.0880756
      0.34   0.045643   0.208153   0.074869
      0.35  0.0356208   0.204416  0.0606696
      0.36  0.0315556   0.203728  0.0546469
      0.37  0.0305494   0.208221  0.0532815
      0.38   0.025317   0.211009  0.0452097
      0.39  0.0212518   0.223005  0.0388055
       0.4  0.0212518   0.233884  0.0389632
      0.41  0.0210505   0.238938  0.0386922
      0.42  0.0208895   0.240412   0.038439
      0.43  0.0207688     0.2375  0.0381973
      0.44  0.0202053   0.228122  0.0371225
      0.45  0.0196015   0.222333  0.0360268
      0.46  0.0192795   0.215152   0.035388
      0.47  0.0186355   0.213048  0.0342732
      0.48  0.0179915   0.207469  0.0331117
      0.49  0.0173878   0.202518  0.0320259
       0.5  0.0167841   0.196352  0.0309247
      0.51  0.0165426   0.196057  0.0305107
      0.52  0.0158583   0.191275  0.0292884
      0.53  0.0150936    0.18578  0.0279189
      0.54  0.0147716   0.180638  0.0273099
      0.55  0.0141276   0.177419  0.0261712
      0.56  0.0134433   0.172855  0.0249465
      0.57  0.0126786   0.165775  0.0235557
      0.58  0.0120346   0.162393  0.0224086
      0.59  0.0111089   0.158218  0.0207601
       0.6  0.0107466   0.155738  0.0201059
      0.61 0.00865365   0.151402  0.0163716
      0.62 0.00837191   0.163717  0.0159292
      0.63 0.00684242   0.158416  0.0131182
      0.64 0.00543369    0.16185  0.0105144
      0.65  0.0047897    0.15873  0.0092988
      0.66 0.00297847   0.147601 0.00583911
      0.67 0.00249547      0.144 0.00490593
      0.68 0.00148923   0.117949 0.00294133
      0.69 0.00112699   0.112426  0.0022316
       0.7 0.000201248   0.045977 0.000400741
      0.71          0          0          0
      0.72          0          0          0
      0.73          0          0          0
      0.74          0          0          0
      0.75          0          0          0
      0.76          0          0          0
      0.77          0          0          0
      0.78          0          0          0
      0.79          0          0          0
       0.8          0          0          0
      0.81          0          0          0
      0.82          0          0          0
      0.83          0          0          0
      0.84          0          0          0
      0.85          0          0          0
      0.86          0          0          0
      0.87          0          0          0
      0.88          0          0          0
      0.89          0          0          0
       0.9          0          0          0
      0.91          0          0          0
      0.92          0          0          0
      0.93          0          0          0
      0.94          0          0          0
      0.95          0          0          0
      0.96          0          0          0
      0.97          0          0          0
      0.98          0          0          0
      0.99          0          0          0
