         0          1   0.308236   0.471224
      0.01    0.99995   0.414567   0.586131
      0.02   0.997284   0.474772   0.643295
      0.03   0.994869   0.475304   0.643278
      0.04   0.989185   0.451329   0.619845
      0.05   0.983149   0.433362   0.601561
      0.06   0.977264   0.432835   0.599949
      0.07   0.973239   0.439611   0.605651
      0.08   0.957545   0.450266   0.612511
      0.09   0.942404   0.454621   0.613356
       0.1   0.910362   0.459593   0.610817
      0.11   0.876509   0.464666   0.607354
      0.12   0.842656   0.466292   0.600365
      0.13   0.767052   0.463936   0.578175
      0.14    0.72173   0.461879    0.56328
      0.15   0.669266   0.459304   0.544754
      0.16   0.637022   0.456919   0.532144
      0.17   0.562777   0.441329   0.494708
      0.18   0.500252   0.435062   0.465385
      0.19   0.450201   0.429671   0.439697
       0.2   0.412726   0.415315   0.414016
      0.21   0.327113   0.383407    0.35303
      0.22   0.254376   0.358713   0.297667
      0.23   0.213833   0.336652   0.261541
      0.24   0.172032   0.316199   0.222831
      0.25   0.141398   0.296634   0.191509
      0.26   0.118209    0.27205   0.164807
      0.27   0.102364   0.255069   0.146097
      0.28  0.0897887   0.234637   0.129877
      0.29  0.0745976   0.221649   0.111627
       0.3  0.0614185   0.209896    0.09503
      0.31  0.0465292   0.196476  0.0752401
      0.32  0.0349598   0.190883  0.0590962
      0.33  0.0221831   0.206459  0.0400617
      0.34  0.0192656   0.227213  0.0355195
      0.35  0.0187626   0.233577   0.034735
      0.36   0.018662   0.233909  0.0345662
      0.37  0.0182596   0.235081   0.033887
      0.38   0.017505   0.244259  0.0326688
      0.39  0.0160463   0.237852  0.0300643
       0.4  0.0137827   0.233618  0.0260297
      0.41  0.0120724   0.213559   0.022853
      0.42 0.00870221   0.187023  0.0166306
      0.43 0.00744467   0.159184  0.0142241
      0.44 0.00533199   0.138889  0.0102697
      0.45 0.00482897   0.128713 0.00930871
      0.46 0.00181087  0.0849673 0.00354615
      0.47 0.00150905  0.0642857 0.00294889
      0.48 0.000100604  0.0168067 0.00020001
      0.49          0          0          0
       0.5          0          0          0
      0.51          0          0          0
      0.52          0          0          0
      0.53          0          0          0
      0.54          0          0          0
      0.55          0          0          0
      0.56          0          0          0
      0.57          0          0          0
      0.58          0          0          0
      0.59          0          0          0
       0.6          0          0          0
      0.61          0          0          0
      0.62          0          0          0
      0.63          0          0          0
      0.64          0          0          0
      0.65          0          0          0
      0.66          0          0          0
      0.67          0          0          0
      0.68          0          0          0
      0.69          0          0          0
       0.7          0          0          0
      0.71          0          0          0
      0.72          0          0          0
      0.73          0          0          0
      0.74          0          0          0
      0.75          0          0          0
      0.76          0          0          0
      0.77          0          0          0
      0.78          0          0          0
      0.79          0          0          0
       0.8          0          0          0
      0.81          0          0          0
      0.82          0          0          0
      0.83          0          0          0
      0.84          0          0          0
      0.85          0          0          0
      0.86          0          0          0
      0.87          0          0          0
      0.88          0          0          0
      0.89          0          0          0
       0.9          0          0          0
      0.91          0          0          0
      0.92          0          0          0
      0.93          0          0          0
      0.94          0          0          0
      0.95          0          0          0
      0.96          0          0          0
      0.97          0          0          0
      0.98          0          0          0
      0.99          0          0          0
