         0          1    0.28722   0.446264
      0.01   0.999694   0.346142   0.514232
      0.02   0.997243   0.368786    0.53845
      0.03   0.992343   0.357727    0.52588
      0.04   0.969371   0.343346   0.507086
      0.05   0.934504   0.342699   0.501492
      0.06     0.9027   0.344286   0.498461
      0.07   0.879167   0.352937   0.503676
      0.08   0.842054   0.362609   0.506924
      0.09   0.807035   0.365865    0.50348
       0.1   0.771096   0.366352   0.496713
      0.11   0.721476    0.37004   0.489182
      0.12    0.68712   0.368177   0.479451
      0.13   0.650365   0.366837   0.469087
      0.14   0.614733   0.362392   0.455979
      0.15   0.574863   0.351242   0.436054
      0.16   0.535096   0.339088   0.415118
      0.17    0.47981   0.325061   0.387559
      0.18   0.440094   0.319458   0.370196
      0.19   0.395834     0.3125   0.349265
       0.2   0.367655   0.309022   0.335798
      0.21   0.307162   0.312557   0.309836
      0.22    0.25014   0.305626   0.275114
      0.23    0.21849   0.305315   0.254707
      0.24    0.17811   0.305458   0.225016
      0.25   0.158405   0.306565    0.20888
      0.26   0.126755   0.317716   0.181213
      0.27   0.107816   0.296862   0.158182
      0.28  0.0809638   0.277264    0.12533
      0.29  0.0737659   0.268437    0.11573
       0.3  0.0527847   0.254879  0.0874573
      0.31  0.0306294   0.245211  0.0544567
      0.32  0.0293532   0.241287  0.0523392
      0.33  0.0172546   0.222734   0.032028
      0.34  0.0172546   0.220635  0.0320061
      0.35  0.0158763   0.219156  0.0296077
      0.36  0.0158763   0.215461  0.0295734
      0.37  0.0158252   0.209106  0.0294236
      0.38  0.0137832   0.203098  0.0258146
      0.39  0.0132728    0.19469  0.0248513
       0.4  0.0123028   0.184982  0.0230712
      0.41  0.0100567   0.180233  0.0190504
      0.42 0.00985247   0.179641  0.0186804
      0.43 0.00954617   0.184713  0.0181541
      0.44 0.00913778   0.196217  0.0174623
      0.45 0.00883149   0.211886  0.0169562
      0.46 0.00673848   0.216828  0.0130707
      0.47 0.00663638   0.226148  0.0128944
      0.48 0.00633008   0.235772  0.0123291
      0.49 0.00617694   0.236842  0.0120399
       0.5 0.00505386   0.252632 0.00990948
      0.51 0.00239931   0.194805 0.00474023
      0.52 0.00168462   0.161972 0.00333456
      0.53 0.00158252   0.151515 0.00313233
      0.54 0.00153147      0.144 0.00303071
      0.55 0.00117413   0.126214 0.00232661
      0.56 0.000765736        0.1 0.00151983
      0.57 0.000663638   0.333333 0.00132464
      0.58 0.000510491   0.363636 0.00101955
      0.59          0          0          0
       0.6          0          0          0
      0.61          0          0          0
      0.62          0          0          0
      0.63          0          0          0
      0.64          0          0          0
      0.65          0          0          0
      0.66          0          0          0
      0.67          0          0          0
      0.68          0          0          0
      0.69          0          0          0
       0.7          0          0          0
      0.71          0          0          0
      0.72          0          0          0
      0.73          0          0          0
      0.74          0          0          0
      0.75          0          0          0
      0.76          0          0          0
      0.77          0          0          0
      0.78          0          0          0
      0.79          0          0          0
       0.8          0          0          0
      0.81          0          0          0
      0.82          0          0          0
      0.83          0          0          0
      0.84          0          0          0
      0.85          0          0          0
      0.86          0          0          0
      0.87          0          0          0
      0.88          0          0          0
      0.89          0          0          0
       0.9          0          0          0
      0.91          0          0          0
      0.92          0          0          0
      0.93          0          0          0
      0.94          0          0          0
      0.95          0          0          0
      0.96          0          0          0
      0.97          0          0          0
      0.98          0          0          0
      0.99          0          0          0
