    119082       0.04   0.985379   0.651832   0.784629
     58060       0.02   0.935351   0.458014    0.61492
     42049       0.04   0.997373   0.716895   0.834189
     24077       0.05   0.984359    0.58934   0.737272
     78004       0.12   0.854781   0.612609   0.713711
     45096       0.02     0.9685   0.630938   0.764098
     38092       0.13   0.860667   0.564281    0.68165
     43074  0.0825253   0.807233   0.432725   0.563422
     16077       0.02   0.995687   0.377982   0.547951
     86000       0.02   0.997284   0.474772   0.643295
    101085       0.15   0.789223   0.639773   0.706683
     89072       0.02   0.997243   0.368786    0.53845
    126007       0.03   0.990066   0.542285   0.700751
     76053       0.02   0.984647   0.473886   0.639835
     86016       0.02   0.999742   0.430392   0.601735
    103070       0.02   0.984554   0.446579   0.614452
      8023       0.08   0.929855   0.165231   0.280601
     41033       0.13   0.696429    0.52593   0.599288
    109053       0.02   0.989111    0.34059   0.506702
    130026       0.03   0.980396   0.265826   0.418248
    108082       0.02   0.980738   0.199567   0.331648
     69040       0.01   0.999929   0.321303   0.486334
     14037       0.02   0.982689    0.47886   0.643934
     54082       0.01   0.998573   0.526679   0.689627
     62096       0.24   0.724689   0.603968   0.658844
     12084       0.09   0.940899   0.279173   0.430587
     69015       0.02   0.992176   0.706686   0.825443
     97033       0.13   0.907683   0.478172   0.626369
     19021       0.02   0.997022   0.558789   0.716186
     86068   0.105051   0.678294   0.304458   0.420273
      3096       0.05   0.834303   0.582067   0.685725
     41069       0.13   0.744809   0.410503   0.529288
     21077       0.12   0.841091   0.528472   0.649102
    108070       0.02   0.990608   0.244203   0.391816
    123074       0.02   0.988329   0.237441   0.382894
     38082       0.02   0.997701   0.452189   0.622323
     33039       0.04   0.989383   0.392978   0.562525
    108005       0.02   0.996115   0.371595   0.541272
    106024       0.02    0.97579    0.40566   0.573077
    102061       0.03   0.989252    0.31738   0.480577
     37073       0.05   0.914805   0.676808   0.778012
     65033       0.02   0.996351    0.48928   0.656279
     55073       0.03   0.997151   0.468859   0.637817
     66053       0.02   0.990029   0.432269   0.601785
     85048       0.03   0.996056   0.516627   0.680367
     42012       0.03   0.981953   0.534638   0.692328
     87046       0.03   0.995105   0.412003   0.582736
    105025       0.14   0.728252   0.417803    0.53098
    101087        0.1   0.876592   0.633109   0.735216
     69020       0.11   0.802941   0.461193   0.585873
